0.010000 -1.454903
0.020000 -1.454887
0.030000 -1.454863
0.040000 -1.454830
0.050000 -1.454791
0.060000 -1.454747
0.070000 -1.454697
0.080000 -1.454645
0.090000 -1.454590
0.100000 -1.454533
0.110000 -1.454476
0.120000 -1.454419
0.130000 -1.454362
0.140000 -1.454308
0.150000 -1.454255
0.160000 -1.454206
0.170000 -1.454160
0.180000 -1.454118
0.190000 -1.454080
0.200000 -1.454047
0.210000 -1.454019
0.220000 -1.453997
0.230000 -1.453980
0.240000 -1.453969
0.250000 -1.453964
0.260000 -1.453964
0.270000 -1.453971
0.280000 -1.453983
0.290000 -1.454001
0.300000 -1.454024
0.310000 -1.454052
0.320000 -1.454085
0.330000 -1.454123
0.340000 -1.454164
0.350000 -1.454209
0.360000 -1.454257
0.370000 -1.454307
0.380000 -1.454359
0.390000 -1.454412
0.400000 -1.454464
0.410000 -1.454517
0.420000 -1.454567
0.430000 -1.454615
0.440000 -1.454660
0.450000 -1.454701
0.460000 -1.454735
0.470000 -1.454764
0.480000 -1.454784
0.490000 -1.454796
0.500000 -1.454797
0.510000 -1.454787
0.520000 -1.454764
0.530000 -1.454727
0.540000 -1.454675
0.550000 -1.454606
0.560000 -1.454519
0.570000 -1.454412
0.580000 -1.454284
0.590000 -1.454133
0.600000 -1.453958
0.610000 -1.453758
0.620000 -1.453530
0.630000 -1.453273
0.640000 -1.452986
0.650000 -1.452667
0.660000 -1.452314
0.670000 -1.451926
0.680000 -1.451501
0.690000 -1.451038
0.700000 -1.450534
0.710000 -1.449989
0.720000 -1.449400
0.730000 -1.448765
0.740000 -1.448084
0.750000 -1.447354
0.760000 -1.446575
0.770000 -1.445743
0.780000 -1.444858
0.790000 -1.443918
0.800000 -1.442921
0.810000 -1.441865
0.820000 -1.440750
0.830000 -1.439573
0.840000 -1.438332
0.850000 -1.437027
0.860000 -1.435655
0.870000 -1.434216
0.880000 -1.432707
0.890000 -1.431126
0.900000 -1.429473
0.910000 -1.427746
0.920000 -1.425944
0.930000 -1.424064
0.940000 -1.422105
0.950000 -1.420067
0.960000 -1.417947
0.970000 -1.415744
0.980000 -1.413457
0.990000 -1.411084
1.000000 -1.408625
