0.010000 -1.472820
0.020000 -1.472802
0.030000 -1.472773
0.040000 -1.472734
0.050000 -1.472687
0.060000 -1.472633
0.070000 -1.472572
0.080000 -1.472506
0.090000 -1.472436
0.100000 -1.472362
0.110000 -1.472286
0.120000 -1.472207
0.130000 -1.472128
0.140000 -1.472048
0.150000 -1.471969
0.160000 -1.471891
0.170000 -1.471814
0.180000 -1.471739
0.190000 -1.471666
0.200000 -1.471597
0.210000 -1.471530
0.220000 -1.471467
0.230000 -1.471408
0.240000 -1.471352
0.250000 -1.471300
0.260000 -1.471253
0.270000 -1.471209
0.280000 -1.471169
0.290000 -1.471133
0.300000 -1.471100
0.310000 -1.471071
0.320000 -1.471045
0.330000 -1.471021
0.340000 -1.471000
0.350000 -1.470981
0.360000 -1.470963
0.370000 -1.470945
0.380000 -1.470928
0.390000 -1.470910
0.400000 -1.470891
0.410000 -1.470869
0.420000 -1.470845
0.430000 -1.470817
0.440000 -1.470785
0.450000 -1.470746
0.460000 -1.470701
0.470000 -1.470648
0.480000 -1.470587
0.490000 -1.470515
0.500000 -1.470433
0.510000 -1.470338
0.520000 -1.470229
0.530000 -1.470105
0.540000 -1.469966
0.550000 -1.469809
0.560000 -1.469633
0.570000 -1.469436
0.580000 -1.469218
0.590000 -1.468977
0.600000 -1.468711
0.610000 -1.468419
0.620000 -1.468100
0.630000 -1.467751
0.640000 -1.467372
0.650000 -1.466960
0.660000 -1.466515
0.670000 -1.466034
0.680000 -1.465517
0.690000 -1.464960
0.700000 -1.464364
0.710000 -1.463726
0.720000 -1.463044
0.730000 -1.462318
0.740000 -1.461544
0.750000 -1.460723
0.760000 -1.459851
0.770000 -1.458928
0.780000 -1.457952
0.790000 -1.456921
0.800000 -1.455834
0.810000 -1.454689
0.820000 -1.453484
0.830000 -1.452219
0.840000 -1.450890
0.850000 -1.449497
0.860000 -1.448039
0.870000 -1.446513
0.880000 -1.444918
0.890000 -1.443253
0.900000 -1.441515
0.910000 -1.439705
0.920000 -1.437819
0.930000 -1.435857
0.940000 -1.433817
0.950000 -1.431698
0.960000 -1.429499
0.970000 -1.427217
0.980000 -1.424852
0.990000 -1.422402
1.000000 -1.419866
