0.010000 -1.433403
0.020000 -1.433391
0.030000 -1.433371
0.040000 -1.433346
0.050000 -1.433317
0.060000 -1.433284
0.070000 -1.433249
0.080000 -1.433213
0.090000 -1.433177
0.100000 -1.433142
0.110000 -1.433108
0.120000 -1.433077
0.130000 -1.433049
0.140000 -1.433025
0.150000 -1.433006
0.160000 -1.432992
0.170000 -1.432984
0.180000 -1.432982
0.190000 -1.432988
0.200000 -1.433000
0.210000 -1.433020
0.220000 -1.433048
0.230000 -1.433083
0.240000 -1.433127
0.250000 -1.433179
0.260000 -1.433240
0.270000 -1.433308
0.280000 -1.433384
0.290000 -1.433469
0.300000 -1.433560
0.310000 -1.433659
0.320000 -1.433766
0.330000 -1.433878
0.340000 -1.433997
0.350000 -1.434121
0.360000 -1.434250
0.370000 -1.434383
0.380000 -1.434520
0.390000 -1.434659
0.400000 -1.434801
0.410000 -1.434943
0.420000 -1.435086
0.430000 -1.435228
0.440000 -1.435368
0.450000 -1.435504
0.460000 -1.435637
0.470000 -1.435765
0.480000 -1.435886
0.490000 -1.435999
0.500000 -1.436104
0.510000 -1.436198
0.520000 -1.436280
0.530000 -1.436349
0.540000 -1.436404
0.550000 -1.436443
0.560000 -1.436464
0.570000 -1.436467
0.580000 -1.436449
0.590000 -1.436408
0.600000 -1.436345
0.610000 -1.436256
0.620000 -1.436140
0.630000 -1.435995
0.640000 -1.435820
0.650000 -1.435614
0.660000 -1.435374
0.670000 -1.435099
0.680000 -1.434787
0.690000 -1.434436
0.700000 -1.434045
0.710000 -1.433612
0.720000 -1.433135
0.730000 -1.432613
0.740000 -1.432043
0.750000 -1.431425
0.760000 -1.430756
0.770000 -1.430035
0.780000 -1.429260
0.790000 -1.428430
0.800000 -1.427542
0.810000 -1.426595
0.820000 -1.425587
0.830000 -1.424517
0.840000 -1.423383
0.850000 -1.422184
0.860000 -1.420917
0.870000 -1.419581
0.880000 -1.418175
0.890000 -1.416697
0.900000 -1.415146
0.910000 -1.413519
0.920000 -1.411816
0.930000 -1.410035
0.940000 -1.408175
0.950000 -1.406233
0.960000 -1.404209
0.970000 -1.402101
0.980000 -1.399907
0.990000 -1.397627
1.000000 -1.395259
