0.821914 0.000000
0.837115 0.000000
0.852018 0.000000
0.866921 0.000000
0.881824 0.000000
0.896727 0.000000
0.911630 0.000000
0.926533 0.000000
0.941436 0.000000
0.956339 0.000000
0.971242 0.000000
0.986145 0.000000
1.001048 0.000000
1.015951 0.000000
1.030854 0.000000
1.045757 0.000000
1.060660 0.000000
1.075563 0.000000
1.090466 0.000000
1.105369 0.000000
1.120272 0.000000
1.135175 0.000000
1.150078 0.000000
1.164981 0.000000
1.179884 0.000000
1.194787 0.000000
1.209690 0.000000
1.224593 0.000000
1.239496 0.000000
1.254399 0.000000
1.269302 0.000000
1.284205 0.000000
1.299108 0.000000
1.314011 0.000000
1.328914 0.000000
1.343817 0.000000
1.358720 0.000000
1.373623 0.000000
1.388526 0.000000
1.403429 0.000000
1.418332 0.000000
1.433235 0.000000
1.448138 0.000000
1.463041 0.000000
1.477944 0.000000
1.492847 0.000000
