0.822212 0.000000
0.822809 0.000000
0.823107 0.000000
0.823703 0.000000
0.824299 0.000000
0.824597 0.000000
0.825193 0.000000
0.827578 0.000000
0.839500 0.000000
0.839798 0.000000
0.840096 0.000000
0.840394 0.000000
0.840692 0.000000
0.840990 0.000000
0.841288 0.000000
0.841586 0.000000
0.841884 0.000000
0.842182 0.000000
0.842480 0.000000
0.842779 0.000000
0.843077 0.000000
0.843375 0.000000
0.843673 0.000000
0.843971 0.000000
0.844269 0.000000
0.844567 0.000000
0.844865 0.000000
0.845163 0.000000
0.845461 0.000000
0.845759 0.000000
0.846057 0.000000
0.846355 0.000000
0.846653 0.000000
0.846951 0.000000
0.847249 0.000000
0.847548 0.000000
0.847846 0.000000
0.848144 0.000000
0.848442 0.000000
0.848740 0.000000
0.849038 0.000000
0.849336 0.000000
0.849634 0.000000
0.849932 0.000000
0.850230 0.000000
0.850528 0.000000
0.850826 0.000000
0.851124 0.000000
0.851422 0.000000
0.851720 0.000000
0.852018 0.000000
0.852316 0.000000
0.852615 0.000000
0.852913 0.000000
0.853211 0.000000
0.853509 0.000000
0.853807 0.000000
0.854105 0.000000
0.854403 0.000000
0.854701 0.000000
0.854999 0.000000
0.855297 0.000000
0.855595 0.000000
0.855893 0.000000
0.856191 0.000000
0.856489 0.000000
0.856787 0.000000
0.857085 0.000000
0.857383 0.000000
0.857682 0.000000
0.857980 0.000000
0.858278 0.000000
0.858576 0.000000
0.858874 0.000000
0.859172 0.000000
0.859470 0.000000
0.859768 0.000000
0.860066 0.000000
0.860364 0.000000
0.860662 0.000000
0.860960 0.000000
0.861258 0.000000
0.861556 0.000000
0.861854 0.000000
0.862152 0.000000
0.862450 0.000000
0.862749 0.000000
0.863047 0.000000
0.863345 0.000000
0.863643 0.000000
0.863941 0.000000
0.864239 0.000000
0.864537 0.000000
0.864835 0.000000
0.865133 0.000000
0.865431 0.000000
0.865729 0.000000
0.866027 0.000000
0.866325 0.000000
0.866623 0.000000
0.866921 0.000000
0.867219 0.000000
0.867518 0.000000
0.867816 0.000000
0.868114 0.000000
0.868412 0.000000
0.868710 0.000000
0.869008 0.000000
0.869306 0.000000
0.869604 0.000000
0.869902 0.000000
0.870200 0.000000
0.870498 0.000000
0.870796 0.000000
0.871094 0.000000
0.871392 0.000000
0.871690 0.000000
0.871988 0.000000
0.872286 0.000000
0.872585 0.000000
0.872883 0.000000
0.873181 0.000000
0.873479 0.000000
0.873777 0.000000
0.874075 0.000000
0.874373 0.000000
0.874671 0.000000
0.874969 0.000000
0.875267 0.000000
0.875565 0.000000
0.875863 0.000000
0.876161 0.000000
0.876459 0.000000
0.876757 0.000000
0.877055 0.000000
0.877353 0.000000
0.877652 0.000000
0.877950 0.000000
0.878248 0.000000
0.878546 0.000000
0.878844 0.000000
0.879142 0.000000
0.879440 0.000000
0.879738 0.000000
0.880036 0.000000
0.880334 0.000000
0.880632 0.000000
0.880930 0.000000
0.881228 0.000000
0.881526 0.000000
0.881824 0.000000
0.882122 0.000000
0.882420 0.000000
0.882719 0.000000
0.883017 0.000000
0.883315 0.000000
0.883613 0.000000
0.883911 0.000000
0.884209 0.000000
0.884507 0.000000
0.884805 0.000000
0.885103 0.000000
0.885401 0.000000
0.885699 0.000000
0.885997 0.000000
0.886295 0.000000
0.886593 0.000000
0.886891 0.000000
0.887189 0.000000
0.887487 0.000000
0.887786 0.000000
0.888084 0.000000
0.888382 0.000000
0.888680 0.000000
0.888978 0.000000
0.889276 0.000000
0.889574 0.000000
0.889872 0.000000
0.890170 0.000000
0.890468 0.000000
0.890766 0.000000
0.891064 0.000000
0.891362 0.000000
0.891660 0.000000
0.891958 0.000000
0.892256 0.000000
0.892555 0.000000
0.892853 0.000000
0.893151 0.000000
0.893449 0.000000
0.893747 0.000000
0.894045 0.000000
0.894343 0.000000
0.894641 0.000000
0.894939 0.000000
0.895237 0.000000
0.895535 0.000000
0.895833 0.000000
0.896131 0.000000
0.896429 0.000000
0.896727 0.000000
0.897025 0.000000
0.897323 0.000000
0.897622 0.000000
0.897920 0.000000
0.898218 0.000000
0.898516 0.000000
0.898814 0.000000
0.899112 0.000000
0.899410 0.000000
0.899708 0.000000
0.900006 0.000000
0.900304 0.000000
0.900602 0.000000
0.900900 0.000000
0.901198 0.000000
0.901496 0.000000
0.901794 0.000000
0.902092 0.000000
0.902390 0.000000
0.902689 0.000000
0.902987 0.000000
0.903285 0.000000
0.903583 0.000000
0.903881 0.000000
0.904179 0.000000
0.904477 0.000000
0.904775 0.000000
0.905073 0.000000
0.905371 0.000000
0.905669 0.000000
0.905967 0.000000
0.906265 0.000000
0.906563 0.000000
0.906861 0.000000
0.907159 0.000000
0.907457 0.000000
0.907756 0.000000
0.908054 0.000000
0.908352 0.000000
0.908650 0.000000
0.908948 0.000000
0.909246 0.000000
0.909544 0.000000
0.909842 0.000000
0.910140 0.000000
0.910438 0.000000
0.910736 0.000000
0.911034 0.000000
0.911332 0.000000
0.911630 0.000000
0.911928 0.000000
0.912226 0.000000
0.912525 0.000000
0.912823 0.000000
0.913121 0.000000
0.913419 0.000000
0.913717 0.000000
0.914015 0.000000
0.914313 0.000000
0.914611 0.000000
0.914909 0.000000
0.915207 0.000000
0.915505 0.000000
0.915803 0.000000
0.916101 0.000000
0.916399 0.000000
0.916697 0.000000
0.916995 0.000000
0.917293 0.000000
0.917592 0.000000
0.917890 0.000000
0.918188 0.000000
0.918486 0.000000
0.918784 0.000000
0.919082 0.000000
0.919380 0.000000
0.919678 0.000000
0.919976 0.000000
0.920274 0.000000
0.920572 0.000000
0.920870 0.000000
0.921168 0.000000
0.921466 0.000000
0.921764 0.000000
0.922062 0.000000
0.922360 0.000000
0.922659 0.000000
0.922957 0.000000
0.923255 0.000000
0.923553 0.000000
0.923851 0.000000
0.924149 0.000000
0.924447 0.000000
0.924745 0.000000
0.925043 0.000000
0.925341 0.000000
0.925639 0.000000
0.925937 0.000000
0.926235 0.000000
0.926533 0.000000
0.926831 0.000000
0.927129 0.000000
0.927427 0.000000
0.927726 0.000000
0.928024 0.000000
0.928322 0.000000
0.928620 0.000000
0.928918 0.000000
0.929216 0.000000
0.929514 0.000000
0.929812 0.000000
0.930110 0.000000
0.930408 0.000000
0.930706 0.000000
0.931004 0.000000
0.931302 0.000000
0.931600 0.000000
0.931898 0.000000
0.932196 0.000000
0.932494 0.000000
0.932793 0.000000
0.933091 0.000000
0.933389 0.000000
0.933687 0.000000
0.933985 0.000000
0.934283 0.000000
0.934581 0.000000
0.934879 0.000000
0.935177 0.000000
0.935475 0.000000
0.935773 0.000000
0.936071 0.000000
0.936369 0.000000
0.936667 0.000000
0.936965 0.000000
0.937263 0.000000
0.937562 0.000000
0.937860 0.000000
0.938158 0.000000
0.938456 0.000000
0.938754 0.000000
0.939052 0.000000
0.939350 0.000000
0.939648 0.000000
0.939946 0.000000
0.940244 0.000000
0.940542 0.000000
0.940840 0.000000
0.941138 0.000000
0.941436 0.000000
0.941734 0.000000
0.942032 0.000000
0.942330 0.000000
0.942629 0.000000
0.942927 0.000000
0.943225 0.000000
0.943523 0.000000
0.943821 0.000000
0.944119 0.000000
0.944417 0.000000
0.944715 0.000000
0.945013 0.000000
0.945311 0.000000
0.945609 0.000000
0.945907 0.000000
0.946205 0.000000
0.946503 0.000000
0.946801 0.000000
0.947099 0.000000
0.947397 0.000000
0.947696 0.000000
0.947994 0.000000
0.948292 0.000000
0.948590 0.000000
0.948888 0.000000
0.949186 0.000000
0.949484 0.000000
0.949782 0.000000
0.950080 0.000000
0.950378 0.000000
0.950676 0.000000
0.950974 0.000000
0.951272 0.000000
0.951570 0.000000
0.951868 0.000000
0.952166 0.000000
0.952464 0.000000
0.952763 0.000000
0.953061 0.000000
0.953359 0.000000
0.953657 0.000000
0.953955 0.000000
0.954253 0.000000
0.954551 0.000000
0.954849 0.000000
0.955147 0.000000
0.955445 0.000000
0.955743 0.000000
0.956041 0.000000
0.956339 0.000000
0.956637 0.000000
0.956935 0.000000
0.957233 0.000000
0.957532 0.000000
0.957830 0.000000
0.958128 0.000000
0.958426 0.000000
0.958724 0.000000
0.959022 0.000000
0.959320 0.000000
0.959618 0.000000
0.959916 0.000000
0.960214 0.000000
0.960512 0.000000
0.960810 0.000000
0.961108 0.000000
0.961406 0.000000
0.961704 0.000000
0.962002 0.000000
0.962300 0.000000
0.962599 0.000000
0.962897 0.000000
0.963195 0.000000
0.963493 0.000000
0.963791 0.000000
0.964089 0.000000
0.964387 0.000000
0.964685 0.000000
0.964983 0.000000
0.965281 0.000000
0.965579 0.000000
0.965877 0.000000
0.966175 0.000000
0.966473 0.000000
0.966771 0.000000
0.967069 0.000000
0.967367 0.000000
0.967666 0.000000
0.967964 0.000000
0.968262 0.000000
0.968560 0.000000
0.968858 0.000000
0.969156 0.000000
0.969454 0.000000
0.969752 0.000000
0.970050 0.000000
0.970348 0.000000
0.970646 0.000000
0.970944 0.000000
0.971242 0.000000
0.971540 0.000000
0.971838 0.000000
0.972136 0.000000
0.972434 0.000000
0.972733 0.000000
0.973031 0.000000
0.973329 0.000000
0.973627 0.000000
0.973925 0.000000
0.974223 0.000000
0.974521 0.000000
0.974819 0.000000
0.975117 0.000000
0.975415 0.000000
0.975713 0.000000
0.976011 0.000000
0.976309 0.000000
0.976607 0.000000
0.976905 0.000000
0.977203 0.000000
0.977502 0.000000
0.977800 0.000000
0.978098 0.000000
0.978396 0.000000
0.978694 0.000000
0.978992 0.000000
0.979290 0.000000
0.979588 0.000000
0.979886 0.000000
0.980184 0.000000
0.980482 0.000000
0.980780 0.000000
0.981078 0.000000
0.981376 0.000000
0.981674 0.000000
0.981972 0.000000
0.982270 0.000000
0.982569 0.000000
0.982867 0.000000
0.983165 0.000000
0.983463 0.000000
0.983761 0.000000
0.984059 0.000000
0.984357 0.000000
0.984655 0.000000
0.984953 0.000000
0.985251 0.000000
0.985549 0.000000
0.985847 0.000000
0.986145 0.000000
0.986443 0.000000
0.986741 0.000000
0.987039 0.000000
0.987337 0.000000
0.987636 0.000000
0.987934 0.000000
0.988232 0.000000
0.988530 0.000000
0.988828 0.000000
0.989126 0.000000
0.989424 0.000000
0.989722 0.000000
0.990020 0.000000
0.990318 0.000000
0.990616 0.000000
0.990914 0.000000
0.991212 0.000000
0.991510 0.000000
0.991808 0.000000
0.992106 0.000000
0.992404 0.000000
0.992703 0.000000
0.993001 0.000000
0.993299 0.000000
0.993597 0.000000
0.993895 0.000000
0.994193 0.000000
0.994491 0.000000
0.994789 0.000000
0.995087 0.000000
0.995385 0.000000
0.995683 0.000000
0.995981 0.000000
0.996279 0.000000
0.996577 0.000000
0.996875 0.000000
0.997173 0.000000
0.997471 0.000000
0.997770 0.000000
0.998068 0.000000
0.998366 0.000000
0.998664 0.000000
0.998962 0.000000
0.999260 0.000000
0.999558 0.000000
0.999856 0.000000
1.000154 0.000000
1.000452 0.000000
1.000750 0.000000
1.001048 0.000000
1.001346 0.000000
1.001644 0.000000
1.001942 0.000000
1.002240 0.000000
1.002539 0.000000
1.002837 0.000000
1.003135 0.000000
1.003433 0.000000
1.003731 0.000000
1.004029 0.000000
1.004327 0.000000
1.004625 0.000000
1.004923 0.000000
1.005221 0.000000
1.005519 0.000000
1.005817 0.000000
1.006115 0.000000
1.006413 0.000000
1.006711 0.000000
1.007009 0.000000
1.007307 0.000000
1.007606 0.000000
1.007904 0.000000
1.008202 0.000000
1.008500 0.000000
1.008798 0.000000
1.009096 0.000000
1.009394 0.000000
1.009692 0.000000
1.009990 0.000000
1.010288 0.000000
1.010586 0.000000
1.010884 0.000000
1.011182 0.000000
1.011480 0.000000
1.011778 0.000000
1.012076 0.000000
1.012374 0.000000
1.012673 0.000000
1.012971 0.000000
1.013269 0.000000
1.013567 0.000000
1.013865 0.000000
1.014163 0.000000
1.014461 0.000000
1.014759 0.000000
1.015057 0.000000
1.015355 0.000000
1.015653 0.000000
1.015951 0.000000
1.016249 0.000000
1.016547 0.000000
1.016845 0.000000
1.017143 0.000000
1.017441 0.000000
1.017740 0.000000
1.018038 0.000000
1.018336 0.000000
1.018634 0.000000
1.018932 0.000000
1.019230 0.000000
1.019528 0.000000
1.019826 0.000000
1.020124 0.000000
1.020422 0.000000
1.020720 0.000000
1.021018 0.000000
1.021316 0.000000
1.021614 0.000000
1.021912 0.000000
1.022210 0.000000
1.022509 0.000000
1.022807 0.000000
1.023105 0.000000
1.023403 0.000000
1.023701 0.000000
1.023999 0.000000
1.024297 0.000000
1.024595 0.000000
1.024893 0.000000
1.025191 0.000000
1.025489 0.000000
1.025787 0.000000
1.026085 0.000000
1.026383 0.000000
1.026681 0.000000
1.026979 0.000000
1.027277 0.000000
1.027576 0.000000
1.027874 0.000000
1.028172 0.000000
1.028470 0.000000
1.028768 0.000000
1.029066 0.000000
1.029364 0.000000
1.029662 0.000000
1.029960 0.000000
1.030258 0.000000
1.030556 0.000000
1.030854 0.000000
1.031152 0.000000
1.031450 0.000000
1.031748 0.000000
1.032046 0.000000
1.032344 0.000000
1.032643 0.000000
1.032941 0.000000
1.033239 0.000000
1.033537 0.000000
1.033835 0.000000
1.034133 0.000000
1.034431 0.000000
1.034729 0.000000
1.035027 0.000000
1.035325 0.000000
1.035623 0.000000
1.035921 0.000000
1.036219 0.000000
1.036517 0.000000
1.036815 0.000000
1.037113 0.000000
1.037411 0.000000
1.037710 0.000000
1.038008 0.000000
1.038306 0.000000
1.038604 0.000000
1.038902 0.000000
1.039200 0.000000
1.039498 0.000000
1.039796 0.000000
1.040094 0.000000
1.040392 0.000000
1.040690 0.000000
1.040988 0.000000
1.041286 0.000000
1.041584 0.000000
1.041882 0.000000
1.042180 0.000000
1.042478 0.000000
1.042777 0.000000
1.043075 0.000000
1.043373 0.000000
1.043671 0.000000
1.043969 0.000000
1.044267 0.000000
1.044565 0.000000
1.044863 0.000000
1.045161 0.000000
1.045459 0.000000
1.045757 0.000000
1.046055 0.000000
1.046353 0.000000
1.046651 0.000000
1.046949 0.000000
1.047247 0.000000
1.047546 0.000000
1.047844 0.000000
1.048142 0.000000
1.048440 0.000000
1.048738 0.000000
1.049036 0.000000
1.049334 0.000000
1.049632 0.000000
1.049930 0.000000
1.050228 0.000000
1.050526 0.000000
1.050824 0.000000
1.051122 0.000000
1.051420 0.000000
1.051718 0.000000
1.052016 0.000000
1.052314 0.000000
1.052613 0.000000
1.052911 0.000000
1.053209 0.000000
1.053507 0.000000
1.053805 0.000000
1.054103 0.000000
1.054401 0.000000
1.054699 0.000000
1.054997 0.000000
1.055295 0.000000
1.055593 0.000000
1.055891 0.000000
1.056189 0.000000
1.056487 0.000000
1.056785 0.000000
1.057083 0.000000
1.057381 0.000000
1.057680 0.000000
1.057978 0.000000
1.058276 0.000000
1.058574 0.000000
1.058872 0.000000
1.059170 0.000000
1.059468 0.000000
1.059766 0.000000
1.060064 0.000000
1.060362 0.000000
1.060660 0.000000
1.060958 0.000000
1.061256 0.000000
1.061554 0.000000
1.061852 0.000000
1.062150 0.000000
1.062448 0.000000
1.062747 0.000000
1.063045 0.000000
1.063343 0.000000
1.063641 0.000000
1.063939 0.000000
1.064237 0.000000
1.064535 0.000000
1.064833 0.000000
1.065131 0.000000
1.065429 0.000000
1.065727 0.000000
1.066025 0.000000
1.066323 0.000000
1.066621 0.000000
1.066919 0.000000
1.067217 0.000000
1.067516 0.000000
1.067814 0.000000
1.068112 0.000000
1.068410 0.000000
1.068708 0.000000
1.069006 0.000000
1.069304 0.000000
1.069602 0.000000
1.069900 0.000000
1.070198 0.000000
1.070496 0.000000
1.070794 0.000000
1.071092 0.000000
1.071390 0.000000
1.071688 0.000000
1.071986 0.000000
1.072284 0.000000
1.072583 0.000000
1.072881 0.000000
1.073179 0.000000
1.073477 0.000000
1.073775 0.000000
1.074073 0.000000
1.074371 0.000000
1.074669 0.000000
1.074967 0.000000
1.075265 0.000000
1.075563 0.000000
1.075861 0.000000
1.076159 0.000000
1.076457 0.000000
1.076755 0.000000
1.077053 0.000000
1.077351 0.000000
1.077650 0.000000
1.077948 0.000000
1.078246 0.000000
1.078544 0.000000
1.078842 0.000000
1.079140 0.000000
1.079438 0.000000
1.079736 0.000000
1.080034 0.000000
1.080332 0.000000
1.080630 0.000000
1.080928 0.000000
1.081226 0.000000
1.081524 0.000000
1.081822 0.000000
1.082120 0.000000
1.082418 0.000000
1.082717 0.000000
1.083015 0.000000
1.083313 0.000000
1.083611 0.000000
1.083909 0.000000
1.084207 0.000000
1.084505 0.000000
1.084803 0.000000
1.085101 0.000000
1.085399 0.000000
1.085697 0.000000
1.085995 0.000000
1.086293 0.000000
1.086591 0.000000
1.086889 0.000000
1.087187 0.000000
1.087485 0.000000
1.087784 0.000000
1.088082 0.000000
1.088380 0.000000
1.088678 0.000000
1.088976 0.000000
1.089274 0.000000
1.089572 0.000000
1.089870 0.000000
1.090168 0.000000
1.090466 0.000000
1.090764 0.000000
1.091062 0.000000
1.091360 0.000000
1.091658 0.000000
1.091956 0.000000
1.092254 0.000000
1.092553 0.000000
1.092851 0.000000
1.093149 0.000000
1.093447 0.000000
1.093745 0.000000
1.094043 0.000000
1.094341 0.000000
1.094639 0.000000
1.094937 0.000000
1.095235 0.000000
1.095533 0.000000
1.095831 0.000000
1.096129 0.000000
1.096427 0.000000
1.096725 0.000000
1.097023 0.000000
1.097321 0.000000
1.097620 0.000000
1.097918 0.000000
1.098216 0.000000
1.098514 0.000000
1.098812 0.000000
1.099110 0.000000
1.099408 0.000000
1.099706 0.000000
1.100004 0.000000
1.100302 0.000000
1.100600 0.000000
1.100898 0.000000
1.101196 0.000000
1.101494 0.000000
1.101792 0.000000
1.102090 0.000000
1.102388 0.000000
1.102687 0.000000
1.102985 0.000000
1.103283 0.000000
1.103581 0.000000
1.103879 0.000000
1.104177 0.000000
1.104475 0.000000
1.104773 0.000000
1.105071 0.000000
1.105369 0.000000
1.105667 0.000000
1.105965 0.000000
1.106263 0.000000
1.106561 0.000000
1.106859 0.000000
1.107157 0.000000
1.107455 0.000000
1.107754 0.000000
1.108052 0.000000
1.108350 0.000000
1.108648 0.000000
1.108946 0.000000
1.109244 0.000000
1.109542 0.000000
1.109840 0.000000
1.110138 0.000000
1.110436 0.000000
1.110734 0.000000
1.111032 0.000000
1.111330 0.000000
1.111628 0.000000
1.111926 0.000000
1.112224 0.000000
1.112523 0.000000
1.112821 0.000000
1.113119 0.000000
1.113417 0.000000
1.113715 0.000000
1.114013 0.000000
1.114311 0.000000
1.114609 0.000000
1.114907 0.000000
1.115205 0.000000
1.115503 0.000000
1.115801 0.000000
1.116099 0.000000
1.116397 0.000000
1.116695 0.000000
1.116993 0.000000
1.117291 0.000000
1.117590 0.000000
1.117888 0.000000
1.118186 0.000000
1.118484 0.000000
1.118782 0.000000
1.119080 0.000000
1.119378 0.000000
1.119676 0.000000
1.119974 0.000000
1.120272 0.000000
1.120570 0.000000
1.120868 0.000000
1.121166 0.000000
1.121464 0.000000
1.121762 0.000000
1.122060 0.000000
1.122358 0.000000
1.122657 0.000000
1.122955 0.000000
1.123253 0.000000
1.123551 0.000000
1.123849 0.000000
1.124147 0.000000
1.124445 0.000000
1.124743 0.000000
1.125041 0.000000
1.125339 0.000000
1.125637 0.000000
1.125935 0.000000
1.126233 0.000000
1.126531 0.000000
1.126829 0.000000
1.127127 0.000000
1.127425 0.000000
1.127724 0.000000
1.128022 0.000000
1.128320 0.000000
1.128618 0.000000
1.128916 0.000000
1.129214 0.000000
1.129512 0.000000
1.129810 0.000000
1.130108 0.000000
1.130406 0.000000
1.130704 0.000000
1.131002 0.000000
1.131300 0.000000
1.131598 0.000000
1.131896 0.000000
1.132194 0.000000
1.132492 0.000000
1.132791 0.000000
1.133089 0.000000
1.133387 0.000000
1.133685 0.000000
1.133983 0.000000
1.134281 0.000000
1.134579 0.000000
1.134877 0.000000
1.135175 0.000000
1.135473 0.000000
1.135771 0.000000
1.136069 0.000000
1.136367 0.000000
1.136665 0.000000
1.136963 0.000000
1.137261 0.000000
1.137560 0.000000
1.137858 0.000000
1.138156 0.000000
1.138454 0.000000
1.138752 0.000000
1.139050 0.000000
1.139348 0.000000
1.139646 0.000000
1.139944 0.000000
1.140242 0.000000
1.140540 0.000000
1.140838 0.000000
1.141136 0.000000
1.141434 0.000000
1.141732 0.000000
1.142030 0.000000
1.142328 0.000000
1.142627 0.000000
1.142925 0.000000
1.143223 0.000000
1.143521 0.000000
1.143819 0.000000
1.144117 0.000000
1.144415 0.000000
1.144713 0.000000
1.145011 0.000000
1.145309 0.000000
1.145607 0.000000
1.145905 0.000000
1.146203 0.000000
1.146501 0.000000
1.146799 0.000000
1.147097 0.000000
1.147395 0.000000
1.147694 0.000000
1.147992 0.000000
1.148290 0.000000
1.148588 0.000000
1.148886 0.000000
1.149184 0.000000
1.149482 0.000000
1.149780 0.000000
1.150078 0.000000
1.150376 0.000000
1.150674 0.000000
1.150972 0.000000
1.151270 0.000000
1.151568 0.000000
1.151866 0.000000
1.152164 0.000000
1.152462 0.000000
1.152761 0.000000
1.153059 0.000000
1.153357 0.000000
1.153655 0.000000
1.153953 0.000000
1.154251 0.000000
1.154549 0.000000
1.154847 0.000000
1.155145 0.000000
1.155443 0.000000
1.155741 0.000000
1.156039 0.000000
1.156337 0.000000
1.156635 0.000000
1.156933 0.000000
1.157231 0.000000
1.157530 0.000000
1.157828 0.000000
1.158126 0.000000
1.158424 0.000000
1.158722 0.000000
1.159020 0.000000
1.159318 0.000000
1.159616 0.000000
1.159914 0.000000
1.160212 0.000000
1.160510 0.000000
1.160808 0.000000
1.161106 0.000000
1.161404 0.000000
1.161702 0.000000
1.162000 0.000000
1.162298 0.000000
1.162597 0.000000
1.162895 0.000000
1.163193 0.000000
1.163491 0.000000
1.163789 0.000000
1.164087 0.000000
1.164385 0.000000
1.164683 0.000000
1.164981 0.000000
1.165279 0.000000
1.165577 0.000000
1.165875 0.000000
1.166173 0.000000
1.166471 0.000000
1.166769 0.000000
1.167067 0.000000
1.167365 0.000000
1.167664 0.000000
1.167962 0.000000
1.168260 0.000000
1.168558 0.000000
1.168856 0.000000
1.169154 0.000000
1.169452 0.000000
1.169750 0.000000
1.170048 0.000000
1.170346 0.000000
1.170644 0.000000
1.170942 0.000000
1.171240 0.000000
1.171538 0.000000
1.171836 0.000000
1.172134 0.000000
1.172432 0.000000
1.172731 0.000000
1.173029 0.000000
1.173327 0.000000
1.173625 0.000000
1.173923 0.000000
1.174221 0.000000
1.174519 0.000000
1.174817 0.000000
1.175115 0.000000
1.175413 0.000000
1.175711 0.000000
1.176009 0.000000
1.176307 0.000000
1.176605 0.000000
1.176903 0.000000
1.177201 0.000000
1.177499 0.000000
1.177798 0.000000
1.178096 0.000000
1.178394 0.000000
1.178692 0.000000
1.178990 0.000000
1.179288 0.000000
1.179586 0.000000
1.179884 0.000000
1.180182 0.000000
1.180480 0.000000
1.180778 0.000000
1.181076 0.000000
1.181374 0.000000
1.181672 0.000000
1.181970 0.000000
1.182268 0.000000
1.182567 0.000000
1.182865 0.000000
1.183163 0.000000
1.183461 0.000000
1.183759 0.000000
1.184057 0.000000
1.184355 0.000000
1.184653 0.000000
1.184951 0.000000
1.185249 0.000000
1.185547 0.000000
1.185845 0.000000
1.186143 0.000000
1.186441 0.000000
1.186739 0.000000
1.187037 0.000000
1.187335 0.000000
1.187634 0.000000
1.187932 0.000000
1.188230 0.000000
1.188528 0.000000
1.188826 0.000000
1.189124 0.000000
1.189422 0.000000
1.189720 0.000000
1.190018 0.000000
1.190316 0.000000
1.190614 0.000000
1.190912 0.000000
1.191210 0.000000
1.191508 0.000000
1.191806 0.000000
1.192104 0.000000
1.192402 0.000000
1.192701 0.000000
1.192999 0.000000
1.193297 0.000000
1.193595 0.000000
1.193893 0.000000
1.194191 0.000000
1.194489 0.000000
1.194787 0.000000
1.195085 0.000000
1.195383 0.000000
1.195681 0.000000
1.195979 0.000000
1.196277 0.000000
1.196575 0.000000
1.196873 0.000000
1.197171 0.000000
1.197469 0.000000
1.197768 0.000000
1.198066 0.000000
1.198364 0.000000
1.198662 0.000000
1.198960 0.000000
1.199258 0.000000
1.199556 0.000000
1.199854 0.000000
1.200152 0.000000
1.200450 0.000000
1.200748 0.000000
1.201046 0.000000
1.201344 0.000000
1.201642 0.000000
1.201940 0.000000
1.202238 0.000000
1.202537 0.000000
1.202835 0.000000
1.203133 0.000000
1.203431 0.000000
1.203729 0.000000
1.204027 0.000000
1.204325 0.000000
1.204623 0.000000
1.204921 0.000000
1.205219 0.000000
1.205517 0.000000
1.205815 0.000000
1.206113 0.000000
1.206411 0.000000
1.206709 0.000000
1.207007 0.000000
1.207305 0.000000
1.207604 0.000000
1.207902 0.000000
1.208200 0.000000
1.208498 0.000000
1.208796 0.000000
1.209094 0.000000
1.209392 0.000000
1.209690 0.000000
1.209988 0.000000
1.210286 0.000000
1.210584 0.000000
1.210882 0.000000
1.211180 0.000000
1.211478 0.000000
1.211776 0.000000
1.212074 0.000000
1.212372 0.000000
1.212671 0.000000
1.212969 0.000000
1.213267 0.000000
1.213565 0.000000
1.213863 0.000000
1.214161 0.000000
1.214459 0.000000
1.214757 0.000000
1.215055 0.000000
1.215353 0.000000
1.215651 0.000000
1.215949 0.000000
1.216247 0.000000
1.216545 0.000000
1.216843 0.000000
1.217141 0.000000
1.217439 0.000000
1.217738 0.000000
1.218036 0.000000
1.218334 0.000000
1.218632 0.000000
1.218930 0.000000
1.219228 0.000000
1.219526 0.000000
1.219824 0.000000
1.220122 0.000000
1.220420 0.000000
1.220718 0.000000
1.221016 0.000000
1.221314 0.000000
1.221612 0.000000
1.221910 0.000000
1.222208 0.000000
1.222507 0.000000
1.222805 0.000000
1.223103 0.000000
1.223401 0.000000
1.223699 0.000000
1.223997 0.000000
1.224295 0.000000
1.224593 0.000000
1.224891 0.000000
1.225189 0.000000
1.225487 0.000000
1.225785 0.000000
1.226083 0.000000
1.226381 0.000000
1.226679 0.000000
1.226977 0.000000
1.227275 0.000000
1.227574 0.000000
1.227872 0.000000
1.228170 0.000000
1.228468 0.000000
1.228766 0.000000
1.229064 0.000000
1.229362 0.000000
1.229660 0.000000
1.229958 0.000000
1.230256 0.000000
1.230554 0.000000
1.230852 0.000000
1.231150 0.000000
1.231448 0.000000
1.231746 0.000000
1.232044 0.000000
1.232342 0.000000
1.232641 0.000000
1.232939 0.000000
1.233237 0.000000
1.233535 0.000000
1.233833 0.000000
1.234131 0.000000
1.234429 0.000000
1.234727 0.000000
1.235025 0.000000
1.235323 0.000000
1.235621 0.000000
1.235919 0.000000
1.236217 0.000000
1.236515 0.000000
1.236813 0.000000
1.237111 0.000000
1.237409 0.000000
1.237708 0.000000
1.238006 0.000000
1.238304 0.000000
1.238602 0.000000
1.238900 0.000000
1.239198 0.000000
1.239496 0.000000
1.239794 0.000000
1.240092 0.000000
1.240390 0.000000
1.240688 0.000000
1.240986 0.000000
1.241284 0.000000
1.241582 0.000000
1.241880 0.000000
1.242178 0.000000
1.242476 0.000000
1.242775 0.000000
1.243073 0.000000
1.243371 0.000000
1.243669 0.000000
1.243967 0.000000
1.244265 0.000000
1.244563 0.000000
1.244861 0.000000
1.245159 0.000000
1.245457 0.000000
1.245755 0.000000
1.246053 0.000000
1.246351 0.000000
1.246649 0.000000
1.246947 0.000000
1.247245 0.000000
1.247544 0.000000
1.247842 0.000000
1.248140 0.000000
1.248438 0.000000
1.248736 0.000000
1.249034 0.000000
1.249332 0.000000
1.249630 0.000000
1.249928 0.000000
1.250226 0.000000
1.250524 0.000000
1.250822 0.000000
1.251120 0.000000
1.251418 0.000000
1.251716 0.000000
1.252014 0.000000
1.252312 0.000000
1.252611 0.000000
1.252909 0.000000
1.253207 0.000000
1.253505 0.000000
1.253803 0.000000
1.254101 0.000000
1.254399 0.000000
1.254697 0.000000
1.254995 0.000000
1.255293 0.000000
1.255591 0.000000
1.255889 0.000000
1.256187 0.000000
1.256485 0.000000
1.256783 0.000000
1.257081 0.000000
1.257379 0.000000
1.257678 0.000000
1.257976 0.000000
1.258274 0.000000
1.258572 0.000000
1.258870 0.000000
1.259168 0.000000
1.259466 0.000000
1.259764 0.000000
1.260062 0.000000
1.260360 0.000000
1.260658 0.000000
1.260956 0.000000
1.261254 0.000000
1.261552 0.000000
1.261850 0.000000
1.262148 0.000000
1.262446 0.000000
1.262745 0.000000
1.263043 0.000000
1.263341 0.000000
1.263639 0.000000
1.263937 0.000000
1.264235 0.000000
1.264533 0.000000
1.264831 0.000000
1.265129 0.000000
1.265427 0.000000
1.265725 0.000000
1.266023 0.000000
1.266321 0.000000
1.266619 0.000000
1.266917 0.000000
1.267215 0.000000
1.267514 0.000000
1.267812 0.000000
1.268110 0.000000
1.268408 0.000000
1.268706 0.000000
1.269004 0.000000
1.269302 0.000000
1.269600 0.000000
1.269898 0.000000
1.270196 0.000000
1.270494 0.000000
1.270792 0.000000
1.271090 0.000000
1.271388 0.000000
1.271686 0.000000
1.271984 0.000000
1.272282 0.000000
1.272581 0.000000
1.272879 0.000000
1.273177 0.000000
1.273475 0.000000
1.273773 0.000000
1.274071 0.000000
1.274369 0.000000
1.274667 0.000000
1.274965 0.000000
1.275263 0.000000
1.275561 0.000000
1.275859 0.000000
1.276157 0.000000
1.276455 0.000000
1.276753 0.000000
1.277051 0.000000
1.277349 0.000000
1.277648 0.000000
1.277946 0.000000
1.278244 0.000000
1.278542 0.000000
1.278840 0.000000
1.279138 0.000000
1.279436 0.000000
1.279734 0.000000
1.280032 0.000000
1.280330 0.000000
1.280628 0.000000
1.280926 0.000000
1.281224 0.000000
1.281522 0.000000
1.281820 0.000000
1.282118 0.000000
1.282416 0.000000
1.282715 0.000000
1.283013 0.000000
1.283311 0.000000
1.283609 0.000000
1.283907 0.000000
1.284205 0.000000
1.284503 0.000000
1.284801 0.000000
1.285099 0.000000
1.285397 0.000000
1.285695 0.000000
1.285993 0.000000
1.286291 0.000000
1.286589 0.000000
1.286887 0.000000
1.287185 0.000000
1.287483 0.000000
1.287782 0.000000
1.288080 0.000000
1.288378 0.000000
1.288676 0.000000
1.288974 0.000000
1.289272 0.000000
1.289570 0.000000
1.289868 0.000000
1.290166 0.000000
1.290464 0.000000
1.290762 0.000000
1.291060 0.000000
1.291358 0.000000
1.291656 0.000000
1.291954 0.000000
1.292252 0.000000
1.292551 0.000000
1.292849 0.000000
1.293147 0.000000
1.293445 0.000000
1.293743 0.000000
1.294041 0.000000
1.294339 0.000000
1.294637 0.000000
1.294935 0.000000
1.295233 0.000000
1.295531 0.000000
1.295829 0.000000
1.296127 0.000000
1.296425 0.000000
1.296723 0.000000
1.297021 0.000000
1.297319 0.000000
1.297618 0.000000
1.297916 0.000000
1.298214 0.000000
1.298512 0.000000
1.298810 0.000000
1.299108 0.000000
1.299406 0.000000
1.299704 0.000000
1.300002 0.000000
1.300300 0.000000
1.300598 0.000000
1.300896 0.000000
1.301194 0.000000
1.301492 0.000000
1.301790 0.000000
1.302088 0.000000
1.302386 0.000000
1.302685 0.000000
1.302983 0.000000
1.303281 0.000000
1.303579 0.000000
1.303877 0.000000
1.304175 0.000000
1.304473 0.000000
1.304771 0.000000
1.305069 0.000000
1.305367 0.000000
1.305665 0.000000
1.305963 0.000000
1.306261 0.000000
1.306559 0.000000
1.306857 0.000000
1.307155 0.000000
1.307453 0.000000
1.307752 0.000000
1.308050 0.000000
1.308348 0.000000
1.308646 0.000000
1.308944 0.000000
1.309242 0.000000
1.309540 0.000000
1.309838 0.000000
1.310136 0.000000
1.310434 0.000000
1.310732 0.000000
1.311030 0.000000
1.311328 0.000000
1.311626 0.000000
1.311924 0.000000
1.312222 0.000000
1.312521 0.000000
1.312819 0.000000
1.313117 0.000000
1.313415 0.000000
1.313713 0.000000
1.314011 0.000000
1.314309 0.000000
1.314607 0.000000
1.314905 0.000000
1.315203 0.000000
1.315501 0.000000
1.315799 0.000000
1.316097 0.000000
1.316395 0.000000
1.316693 0.000000
1.316991 0.000000
1.317289 0.000000
1.317588 0.000000
1.317886 0.000000
1.318184 0.000000
1.318482 0.000000
1.318780 0.000000
1.319078 0.000000
1.319376 0.000000
1.319674 0.000000
1.319972 0.000000
1.320270 0.000000
1.320568 0.000000
1.320866 0.000000
1.321164 0.000000
1.321462 0.000000
1.321760 0.000000
1.322058 0.000000
1.322356 0.000000
1.322655 0.000000
1.322953 0.000000
1.323251 0.000000
1.323549 0.000000
1.323847 0.000000
1.324145 0.000000
1.324443 0.000000
1.324741 0.000000
1.325039 0.000000
1.325337 0.000000
1.325635 0.000000
1.325933 0.000000
1.326231 0.000000
1.326529 0.000000
1.326827 0.000000
1.327125 0.000000
1.327423 0.000000
1.327722 0.000000
1.328020 0.000000
1.328318 0.000000
1.328616 0.000000
1.328914 0.000000
1.329212 0.000000
1.329510 0.000000
1.329808 0.000000
1.330106 0.000000
1.330404 0.000000
1.330702 0.000000
1.331000 0.000000
1.331298 0.000000
1.331596 0.000000
1.331894 0.000000
1.332192 0.000000
1.332490 0.000000
1.332789 0.000000
1.333087 0.000000
1.333385 0.000000
1.333683 0.000000
1.333981 0.000000
1.334279 0.000000
1.334577 0.000000
1.334875 0.000000
1.335173 0.000000
1.335471 0.000000
1.335769 0.000000
1.336067 0.000000
1.336365 0.000000
1.336663 0.000000
1.336961 0.000000
1.337259 0.000000
1.337558 0.000000
1.337856 0.000000
1.338154 0.000000
1.338452 0.000000
1.338750 0.000000
1.339048 0.000000
1.339346 0.000000
1.339644 0.000000
1.339942 0.000000
1.340240 0.000000
1.340538 0.000000
1.340836 0.000000
1.341134 0.000000
1.341432 0.000000
1.341730 0.000000
1.342028 0.000000
1.342326 0.000000
1.342625 0.000000
1.342923 0.000000
1.343221 0.000000
1.343519 0.000000
1.343817 0.000000
1.344115 0.000000
1.344413 0.000000
1.344711 0.000000
1.345009 0.000000
1.345307 0.000000
1.345605 0.000000
1.345903 0.000000
1.346201 0.000000
1.346499 0.000000
1.346797 0.000000
1.347095 0.000000
1.347393 0.000000
1.347692 0.000000
1.347990 0.000000
1.348288 0.000000
1.348586 0.000000
1.348884 0.000000
1.349182 0.000000
1.349480 0.000000
1.349778 0.000000
1.350076 0.000000
1.350374 0.000000
1.350672 0.000000
1.350970 0.000000
1.351268 0.000000
1.351566 0.000000
1.351864 0.000000
1.352162 0.000000
1.352460 0.000000
1.352759 0.000000
1.353057 0.000000
1.353355 0.000000
1.353653 0.000000
1.353951 0.000000
1.354249 0.000000
1.354547 0.000000
1.354845 0.000000
1.355143 0.000000
1.355441 0.000000
1.355739 0.000000
1.356037 0.000000
1.356335 0.000000
1.356633 0.000000
1.356931 0.000000
1.357229 0.000000
1.357528 0.000000
1.357826 0.000000
1.358124 0.000000
1.358422 0.000000
1.358720 0.000000
1.359018 0.000000
1.359316 0.000000
1.359614 0.000000
1.359912 0.000000
1.360210 0.000000
1.360508 0.000000
1.360806 0.000000
1.361104 0.000000
1.361402 0.000000
1.361700 0.000000
1.361998 0.000000
1.362296 0.000000
1.362595 0.000000
1.362893 0.000000
1.363191 0.000000
1.363489 0.000000
1.363787 0.000000
1.364085 0.000000
1.364383 0.000000
1.364681 0.000000
1.364979 0.000000
1.365277 0.000000
1.365575 0.000000
1.365873 0.000000
1.366171 0.000000
1.366469 0.000000
1.366767 0.000000
1.367065 0.000000
1.367363 0.000000
1.367662 0.000000
1.367960 0.000000
1.368258 0.000000
1.368556 0.000000
1.368854 0.000000
1.369152 0.000000
1.369450 0.000000
1.369748 0.000000
1.370046 0.000000
1.370344 0.000000
1.370642 0.000000
1.370940 0.000000
1.371238 0.000000
1.371536 0.000000
1.371834 0.000000
1.372132 0.000000
1.372430 0.000000
1.372729 0.000000
1.373027 0.000000
1.373325 0.000000
1.373623 0.000000
1.373921 0.000000
1.374219 0.000000
1.374517 0.000000
1.374815 0.000000
1.375113 0.000000
1.375411 0.000000
1.375709 0.000000
1.376007 0.000000
1.376305 0.000000
1.376603 0.000000
1.376901 0.000000
1.377199 0.000000
1.377497 0.000000
1.377796 0.000000
1.378094 0.000000
1.378392 0.000000
1.378690 0.000000
1.378988 0.000000
1.379286 0.000000
1.379584 0.000000
1.379882 0.000000
1.380180 0.000000
1.380478 0.000000
1.380776 0.000000
1.381074 0.000000
1.381372 0.000000
1.381670 0.000000
1.381968 0.000000
1.382266 0.000000
1.382565 0.000000
1.382863 0.000000
1.383161 0.000000
1.383459 0.000000
1.383757 0.000000
1.384055 0.000000
1.384353 0.000000
1.384651 0.000000
1.384949 0.000000
1.385247 0.000000
1.385545 0.000000
1.385843 0.000000
1.386141 0.000000
1.386439 0.000000
1.386737 0.000000
1.387035 0.000000
1.387333 0.000000
1.387632 0.000000
1.387930 0.000000
1.388228 0.000000
1.388526 0.000000
1.388824 0.000000
1.389122 0.000000
1.389420 0.000000
1.389718 0.000000
1.390016 0.000000
1.390314 0.000000
1.390612 0.000000
1.390910 0.000000
1.391208 0.000000
1.391506 0.000000
1.391804 0.000000
1.392102 0.000000
1.392400 0.000000
1.392699 0.000000
1.392997 0.000000
1.393295 0.000000
1.393593 0.000000
1.393891 0.000000
1.394189 0.000000
1.394487 0.000000
1.394785 0.000000
1.395083 0.000000
1.395381 0.000000
1.395679 0.000000
1.395977 0.000000
1.396275 0.000000
1.396573 0.000000
1.396871 0.000000
1.397169 0.000000
1.397467 0.000000
1.397766 0.000000
1.398064 0.000000
1.398362 0.000000
1.398660 0.000000
1.398958 0.000000
1.399256 0.000000
1.399554 0.000000
1.399852 0.000000
1.400150 0.000000
1.400448 0.000000
1.400746 0.000000
1.401044 0.000000
1.401342 0.000000
1.401640 0.000000
1.401938 0.000000
1.402236 0.000000
1.402535 0.000000
1.402833 0.000000
1.403131 0.000000
1.403429 0.000000
1.403727 0.000000
1.404025 0.000000
1.404323 0.000000
1.404621 0.000000
1.404919 0.000000
1.405217 0.000000
1.405515 0.000000
1.405813 0.000000
1.406111 0.000000
1.406409 0.000000
1.406707 0.000000
1.407005 0.000000
1.407303 0.000000
1.407602 0.000000
1.407900 0.000000
1.408198 0.000000
1.408496 0.000000
1.408794 0.000000
1.409092 0.000000
1.409390 0.000000
1.409688 0.000000
1.409986 0.000000
1.410284 0.000000
1.410582 0.000000
1.410880 0.000000
1.411178 0.000000
1.411476 0.000000
1.411774 0.000000
1.412072 0.000000
1.412370 0.000000
1.412669 0.000000
1.412967 0.000000
1.413265 0.000000
1.413563 0.000000
1.413861 0.000000
1.414159 0.000000
1.414457 0.000000
1.414755 0.000000
1.415053 0.000000
1.415351 0.000000
1.415649 0.000000
1.415947 0.000000
1.416245 0.000000
1.416543 0.000000
1.416841 0.000000
1.417139 0.000000
1.417437 0.000000
1.417736 0.000000
1.418034 0.000000
1.418332 0.000000
1.418630 0.000000
1.418928 0.000000
1.419226 0.000000
1.419524 0.000000
1.419822 0.000000
1.420120 0.000000
1.420418 0.000000
1.420716 0.000000
1.421014 0.000000
1.421312 0.000000
1.421610 0.000000
1.421908 0.000000
1.422206 0.000000
1.422505 0.000000
1.422803 0.000000
1.423101 0.000000
1.423399 0.000000
1.423697 0.000000
1.423995 0.000000
1.424293 0.000000
1.424591 0.000000
1.424889 0.000000
1.425187 0.000000
1.425485 0.000000
1.425783 0.000000
1.426081 0.000000
1.426379 0.000000
1.426677 0.000000
1.426975 0.000000
1.427273 0.000000
1.427572 0.000000
1.427870 0.000000
1.428168 0.000000
1.428466 0.000000
1.428764 0.000000
1.429062 0.000000
1.429360 0.000000
1.429658 0.000000
1.429956 0.000000
1.430254 0.000000
1.430552 0.000000
1.430850 0.000000
1.431148 0.000000
1.431446 0.000000
1.431744 0.000000
1.432042 0.000000
1.432340 0.000000
1.432639 0.000000
1.432937 0.000000
1.433235 0.000000
1.433533 0.000000
1.433831 0.000000
1.434129 0.000000
1.434427 0.000000
1.434725 0.000000
1.435023 0.000000
1.435321 0.000000
1.435619 0.000000
1.435917 0.000000
1.436215 0.000000
1.436513 0.000000
1.436811 0.000000
1.437109 0.000000
1.437407 0.000000
1.437706 0.000000
1.438004 0.000000
1.438302 0.000000
1.438600 0.000000
1.438898 0.000000
1.439196 0.000000
1.439494 0.000000
1.439792 0.000000
1.440090 0.000000
1.440388 0.000000
1.440686 0.000000
1.440984 0.000000
1.441282 0.000000
1.441580 0.000000
1.441878 0.000000
1.442176 0.000000
1.442474 0.000000
1.442773 0.000000
1.443071 0.000000
1.443369 0.000000
1.443667 0.000000
1.443965 0.000000
1.444263 0.000000
1.444561 0.000000
1.444859 0.000000
1.445157 0.000000
1.445455 0.000000
1.445753 0.000000
1.446051 0.000000
1.446349 0.000000
1.446647 0.000000
1.446945 0.000000
1.447243 0.000000
1.447542 0.000000
1.447840 0.000000
1.448138 0.000000
1.448436 0.000000
1.448734 0.000000
1.449032 0.000000
1.449330 0.000000
1.449628 0.000000
1.449926 0.000000
1.450224 0.000000
1.450522 0.000000
1.450820 0.000000
1.451118 0.000000
1.451416 0.000000
1.451714 0.000000
1.452012 0.000000
1.452310 0.000000
1.452609 0.000000
1.452907 0.000000
1.453205 0.000000
1.453503 0.000000
1.453801 0.000000
1.454099 0.000000
1.454397 0.000000
1.454695 0.000000
1.454993 0.000000
1.455291 0.000000
1.455589 0.000000
1.455887 0.000000
1.456185 0.000000
1.456483 0.000000
1.456781 0.000000
1.457079 0.000000
1.457377 0.000000
1.457676 0.000000
1.457974 0.000000
1.458272 0.000000
1.458570 0.000000
1.458868 0.000000
1.459166 0.000000
1.459464 0.000000
1.459762 0.000000
1.460060 0.000000
1.460358 0.000000
1.460656 0.000000
1.460954 0.000000
1.461252 0.000000
1.461550 0.000000
1.461848 0.000000
1.462146 0.000000
1.462444 0.000000
1.462743 0.000000
1.463041 0.000000
1.463339 0.000000
1.463637 0.000000
1.463935 0.000000
1.464233 0.000000
1.464531 0.000000
1.464829 0.000000
1.465127 0.000000
1.465425 0.000000
1.465723 0.000000
1.466021 0.000000
1.466319 0.000000
1.466617 0.000000
1.466915 0.000000
1.467213 0.000000
1.467512 0.000000
1.467810 0.000000
1.468108 0.000000
1.468406 0.000000
1.468704 0.000000
1.469002 0.000000
1.469300 0.000000
1.469598 0.000000
1.469896 0.000000
1.470194 0.000000
1.470492 0.000000
1.470790 0.000000
1.471088 0.000000
1.471386 0.000000
1.471684 0.000000
1.471982 0.000000
1.472280 0.000000
1.472579 0.000000
1.472877 0.000000
1.473175 0.000000
1.473473 0.000000
1.473771 0.000000
1.474069 0.000000
1.474367 0.000000
1.474665 0.000000
1.474963 0.000000
1.475261 0.000000
1.475559 0.000000
1.475857 0.000000
1.476155 0.000000
1.476453 0.000000
1.476751 0.000000
1.477049 0.000000
1.477347 0.000000
1.477646 0.000000
1.477944 0.000000
1.478242 0.000000
1.478540 0.000000
1.478838 0.000000
1.479136 0.000000
1.479434 0.000000
1.479732 0.000000
1.480030 0.000000
1.480328 0.000000
1.480626 0.000000
1.480924 0.000000
1.481222 0.000000
1.481520 0.000000
1.481818 0.000000
1.482116 0.000000
1.482414 0.000000
1.482713 0.000000
1.483011 0.000000
1.483309 0.000000
1.483607 0.000000
1.483905 0.000000
1.484203 0.000000
1.484501 0.000000
1.484799 0.000000
1.485097 0.000000
1.485395 0.000000
1.485693 0.000000
1.485991 0.000000
1.486289 0.000000
1.486587 0.000000
1.486885 0.000000
1.487183 0.000000
1.487481 0.000000
1.487780 0.000000
1.488078 0.000000
1.488376 0.000000
1.488674 0.000000
1.488972 0.000000
1.489270 0.000000
1.489568 0.000000
1.489866 0.000000
1.490164 0.000000
1.490462 0.000000
1.490760 0.000000
1.491058 0.000000
1.491356 0.000000
1.491654 0.000000
1.491952 0.000000
1.492250 0.000000
1.492549 0.000000
1.492847 0.000000
1.493145 0.000000
1.493443 0.000000
1.493741 0.000000
1.494039 0.000000
1.494337 0.000000
1.494635 0.000000
1.494933 0.000000
1.495231 0.000000
1.495529 0.000000
1.495827 0.000000
1.496125 0.000000
1.496423 0.000000
1.496721 0.000000
1.497019 0.000000
1.497317 0.000000
1.497616 0.000000
1.497914 0.000000
1.498212 0.000000
1.498510 0.000000
1.498808 0.000000
1.499106 0.000000
1.499404 0.000000
1.499702 0.000000
1.500000 0.000000
