0.010000 1.000000
0.017451 1.000000
0.024903 1.000000
0.032354 1.000000
0.039806 1.000000
0.047257 1.000000
0.054709 1.000000
0.062160 1.000000
0.069612 1.000000
0.077063 1.000000
0.084515 1.000000
0.091966 1.000000
0.099418 1.000000
0.106869 1.000000
0.114321 1.000000
0.121772 1.000000
0.129224 1.000000
0.136675 1.000000
0.144127 1.000000
0.151578 0.999999
0.159030 0.999998
0.166481 0.999996
0.173933 0.999993
0.181384 0.999988
0.188836 0.999980
0.196287 0.999968
0.203739 0.999952
0.211190 0.999929
0.218642 0.999898
0.226093 0.999857
0.233545 0.999803
0.240996 0.999735
0.248448 0.999649
0.255899 0.999543
0.263351 0.999413
0.270802 0.999257
0.278254 0.999070
0.285705 0.998850
0.293157 0.998593
0.300608 0.998296
0.308060 0.997953
0.315511 0.997563
0.322963 0.997120
0.330414 0.996621
0.337866 0.996063
0.345317 0.995440
0.352769 0.994750
0.360220 0.993988
0.367672 0.993151
0.375123 0.992234
0.382575 0.991234
0.390026 0.990147
0.397477 0.988969
0.404929 0.987695
0.412380 0.986323
0.419832 0.984848
0.427283 0.983266
0.434735 0.981573
0.442186 0.979765
0.449638 0.977839
0.457089 0.975789
0.464541 0.973611
0.471992 0.971302
0.479444 0.968857
0.486895 0.966270
0.494347 0.963539
0.501798 0.960657
0.509250 0.957619
0.516701 0.954421
0.524153 0.951057
0.531604 0.947522
0.539056 0.943809
0.546507 0.939912
0.553959 0.935824
0.561410 0.931539
0.568862 0.927049
0.576313 0.922347
0.583765 0.917424
0.591216 0.912270
0.598668 0.906877
0.606119 0.901235
0.613571 0.895331
0.621022 0.889154
0.628474 0.882691
0.635925 0.875928
0.643377 0.868847
0.650828 0.861434
0.658280 0.853667
0.665731 0.845526
0.673183 0.836986
0.680634 0.828022
0.688086 0.818602
0.695537 0.808692
0.702989 0.798252
0.710440 0.787236
0.717892 0.775590
0.725343 0.763251
0.732795 0.750140
0.740246 0.736167
0.747698 0.721215
0.755149 0.705139
0.762601 0.687750
0.770052 0.668796
0.777504 0.647927
0.784955 0.624629
0.792406 0.598092
0.799858 0.566896
0.807309 0.528053
