0.000000 -0.313786
0.010101 -0.313743
0.020202 -0.313613
0.030303 -0.313400
0.040404 -0.313106
0.050505 -0.312733
0.060606 -0.312284
0.070707 -0.311760
0.080808 -0.311167
0.090909 -0.310505
0.101010 -0.309780
0.111111 -0.308993
0.121212 -0.308148
0.131313 -0.307249
0.141414 -0.306300
0.151515 -0.305305
0.161616 -0.304268
0.171717 -0.303192
0.181818 -0.302083
0.191919 -0.300945
0.202020 -0.299782
0.212121 -0.298599
0.222222 -0.297402
0.232323 -0.296194
0.242424 -0.294981
0.252525 -0.293769
0.262626 -0.292562
0.272727 -0.291365
0.282828 -0.290183
0.292929 -0.289023
0.303030 -0.287888
0.313131 -0.286784
0.323232 -0.285716
0.333333 -0.284689
0.343434 -0.283707
0.353535 -0.282776
0.363636 -0.281899
0.373737 -0.281081
0.383838 -0.280326
0.393939 -0.279638
0.404040 -0.279019
0.414141 -0.278474
0.424242 -0.278004
0.434343 -0.277613
0.444444 -0.277303
0.454545 -0.277074
0.464646 -0.276929
0.474747 -0.276868
0.484848 -0.276891
0.494949 -0.276999
0.505051 -0.277192
0.515152 -0.277467
0.525253 -0.277825
0.535354 -0.278263
0.545455 -0.278779
0.555556 -0.279371
0.565657 -0.280036
0.575758 -0.280771
0.585859 -0.281572
0.595960 -0.282435
0.606061 -0.283357
0.616162 -0.284332
0.626263 -0.285357
0.636364 -0.286426
0.646465 -0.287535
0.656566 -0.288678
0.666667 -0.289850
0.676768 -0.291046
0.686869 -0.292259
0.696970 -0.293486
0.707071 -0.294720
0.717172 -0.295955
0.727273 -0.297186
0.737374 -0.298408
0.747475 -0.299615
0.757576 -0.300801
0.767677 -0.301962
0.777778 -0.303092
0.787879 -0.304186
0.797980 -0.305240
0.808081 -0.306247
0.818182 -0.307204
0.828283 -0.308105
0.838384 -0.308947
0.848485 -0.309725
0.858586 -0.310435
0.868687 -0.311072
0.878788 -0.311633
0.888889 -0.312115
0.898990 -0.312512
0.909091 -0.312823
0.919192 -0.313043
0.929293 -0.313169
0.939394 -0.313199
0.949495 -0.313130
0.959596 -0.312958
0.969697 -0.312681
0.979798 -0.312296
0.989899 -0.311801
1.000000 -0.311195
