0.462305 0.008914
0.460822 0.013082
0.460822 0.013082
0.460822 0.013082
0.459339 0.017232
0.459339 0.017232
0.457856 0.021363
0.457856 0.021363
0.457856 0.021363
0.456373 0.025476
0.456373 0.025476
0.456373 0.025476
0.454890 0.029572
0.454890 0.029572
0.454890 0.029572
0.453407 0.033649
0.453407 0.033649
0.453407 0.033649
0.451924 0.037708
0.451924 0.037708
0.450441 0.041750
0.450441 0.041750
0.450441 0.041750
0.448958 0.045773
0.448958 0.045773
0.448958 0.045773
0.447475 0.049779
0.447475 0.049779
0.447475 0.049779
0.445992 0.053768
0.445992 0.053768
0.444509 0.057738
0.444509 0.057738
0.444509 0.057738
0.443026 0.061692
0.443026 0.061692
0.443026 0.061692
0.441543 0.065627
0.441543 0.065627
0.440060 0.069546
0.440060 0.069546
0.440060 0.069546
0.438577 0.073447
0.438577 0.073447
0.438577 0.073447
0.437094 0.077331
0.437094 0.077331
0.435611 0.081197
0.435611 0.081197
0.435611 0.081197
0.434128 0.085047
0.434128 0.085047
0.434128 0.085047
0.432645 0.088879
0.432645 0.088879
0.431162 0.092694
0.431162 0.092694
0.431162 0.092694
0.429679 0.096493
0.429679 0.096493
0.428196 0.100274
0.428196 0.100274
0.428196 0.100274
0.426713 0.104039
0.426713 0.104039
0.425230 0.107787
0.425230 0.107787
0.425230 0.107787
0.423747 0.111518
0.423747 0.111518
0.422265 0.115231
0.422265 0.115231
0.422265 0.115231
0.420782 0.118929
0.420782 0.118929
0.419299 0.122611
0.419299 0.122611
0.419299 0.122611
0.417816 0.126276
0.417816 0.126276
0.416333 0.129925
0.416333 0.129925
0.416333 0.129925
0.414850 0.133557
0.414850 0.133557
0.413367 0.137174
0.413367 0.137174
0.413367 0.137174
0.411884 0.140774
0.411884 0.140774
0.410401 0.144358
0.410401 0.144358
0.410401 0.144358
0.408918 0.147927
0.408918 0.147927
0.407435 0.151479
0.407435 0.151479
0.405952 0.155015
0.405952 0.155015
0.405952 0.155015
0.404469 0.158536
0.404469 0.158536
0.402986 0.162040
0.402986 0.162040
0.401503 0.165529
0.401503 0.165529
0.401503 0.165529
0.400020 0.169003
0.400020 0.169003
0.398537 0.172460
0.398537 0.172460
0.397054 0.175903
0.397054 0.175903
0.397054 0.175903
0.395571 0.179330
0.395571 0.179330
0.394088 0.182741
0.394088 0.182741
0.392605 0.186137
0.392605 0.186137
0.392605 0.186137
0.391122 0.189518
0.391122 0.189518
0.389639 0.192884
0.389639 0.192884
0.388156 0.196235
0.388156 0.196235
0.386673 0.199570
0.386673 0.199570
0.386673 0.199570
0.385190 0.202891
0.385190 0.202891
0.383707 0.206197
0.383707 0.206197
0.382224 0.209487
0.382224 0.209487
0.380741 0.212763
0.380741 0.212763
0.379259 0.216023
0.379259 0.216023
0.379259 0.216023
0.377776 0.219269
0.377776 0.219269
0.376293 0.222501
0.376293 0.222501
0.374810 0.225719
0.374810 0.225719
0.373327 0.228922
0.373327 0.228922
0.371844 0.232111
0.371844 0.232111
0.370361 0.235285
0.370361 0.235285
0.368878 0.238445
0.368878 0.238445
0.368878 0.238445
0.367395 0.241591
0.367395 0.241591
0.365912 0.244723
0.365912 0.244723
0.364429 0.247840
0.364429 0.247840
0.362946 0.250944
0.362946 0.250944
0.361463 0.254034
0.361463 0.254034
0.359980 0.257110
0.359980 0.257110
0.358497 0.260172
0.358497 0.260172
0.357014 0.263220
0.357014 0.263220
0.355531 0.266255
0.355531 0.266255
0.354048 0.269276
0.354048 0.269276
0.352565 0.272283
0.352565 0.272283
0.351082 0.275277
0.351082 0.275277
0.349599 0.278258
0.349599 0.278258
0.348116 0.281225
0.348116 0.281225
0.346633 0.284179
0.346633 0.284179
0.345150 0.287119
0.345150 0.287119
0.343667 0.290047
0.343667 0.290047
0.342184 0.292961
0.342184 0.292961
0.340701 0.295863
0.340701 0.295863
0.339218 0.298751
0.339218 0.298751
0.337735 0.301627
0.337735 0.301627
0.336253 0.304487
0.336253 0.304487
0.334770 0.307337
0.334770 0.307337
0.333287 0.310174
0.333287 0.310174
0.331804 0.312999
0.331804 0.312999
0.330321 0.315811
0.328838 0.318610
0.328838 0.318610
0.327355 0.321397
0.327355 0.321397
0.325872 0.324172
0.325872 0.324172
0.324389 0.326934
0.324389 0.326934
0.322906 0.329685
0.322906 0.329685
0.321423 0.332422
0.321423 0.332422
0.319940 0.335148
0.318457 0.337862
0.318457 0.337862
0.316974 0.340564
0.316974 0.340564
0.315491 0.343254
0.315491 0.343254
0.314008 0.345931
0.314008 0.345931
0.312525 0.348598
0.312525 0.348598
0.311042 0.351252
0.309559 0.353895
0.309559 0.353895
0.308076 0.356526
0.308076 0.356526
0.306593 0.359146
0.306593 0.359146
0.305110 0.361754
0.303627 0.364351
0.303627 0.364351
0.302144 0.366936
0.302144 0.366936
0.300661 0.369510
0.300661 0.369510
0.299178 0.372073
0.297695 0.374625
0.297695 0.374625
0.296212 0.377166
0.296212 0.377166
0.294729 0.379695
0.293246 0.382214
0.293246 0.382214
0.291764 0.384720
0.291764 0.384720
0.290281 0.387217
0.290281 0.387217
0.288798 0.389704
0.287315 0.392179
0.287315 0.392179
0.285832 0.394644
0.285832 0.394644
0.284349 0.397099
0.282866 0.399543
0.282866 0.399543
0.281383 0.401976
0.281383 0.401976
0.279900 0.404399
0.278417 0.406812
0.278417 0.406812
0.276934 0.409215
0.275451 0.411607
0.275451 0.411607
0.273968 0.413990
0.273968 0.413990
0.272485 0.416362
0.271002 0.418724
0.271002 0.418724
0.269519 0.421077
0.268036 0.423419
0.268036 0.423419
0.266553 0.425752
0.266553 0.425752
0.265070 0.428075
0.263587 0.430389
0.263587 0.430389
0.262104 0.432693
0.260621 0.434987
0.260621 0.434987
0.259138 0.437272
0.257655 0.439548
0.257655 0.439548
0.256172 0.441814
0.254689 0.444071
0.254689 0.444071
0.253206 0.446319
0.253206 0.446319
0.251723 0.448557
0.250240 0.450787
0.250240 0.450787
0.248758 0.453006
0.247275 0.455218
0.247275 0.455218
0.245792 0.457421
0.244309 0.459615
0.244309 0.459615
0.242826 0.461800
0.241343 0.463976
0.241343 0.463976
0.239860 0.466144
0.238377 0.468304
0.236894 0.470455
0.236894 0.470455
0.235411 0.472597
0.233928 0.474732
0.233928 0.474732
0.232445 0.476858
0.230962 0.478975
0.230962 0.478975
0.229479 0.481085
0.227996 0.483186
0.227996 0.483186
0.226513 0.485280
0.225030 0.487366
0.223547 0.489443
0.223547 0.489443
0.222064 0.491513
0.220581 0.493575
0.220581 0.493575
0.219098 0.495629
0.217615 0.497676
0.216132 0.499715
0.216132 0.499715
0.214649 0.501747
0.213166 0.503771
0.211683 0.505788
0.211683 0.505788
0.210200 0.507798
0.208717 0.509800
0.207234 0.511795
0.207234 0.511795
0.205752 0.513782
0.204269 0.515763
0.204269 0.515763
0.202786 0.517737
0.201303 0.519704
0.199820 0.521665
0.198337 0.523618
0.198337 0.523618
0.196854 0.525565
0.195371 0.527505
0.193888 0.529439
0.193888 0.529439
0.192405 0.531366
0.190922 0.533286
0.189439 0.535200
0.189439 0.535200
0.187956 0.537108
0.186473 0.539010
0.184990 0.540905
0.183507 0.542795
0.183507 0.542795
0.182024 0.544678
0.180541 0.546555
0.179058 0.548426
0.177575 0.550292
0.177575 0.550292
0.176092 0.552151
0.174609 0.554005
0.173126 0.555853
0.171643 0.557696
0.171643 0.557696
0.170160 0.559533
0.168677 0.561364
0.167194 0.563191
0.165711 0.565011
0.165711 0.565011
0.164228 0.566827
0.162745 0.568637
0.161263 0.570441
0.159780 0.572241
0.158297 0.574036
0.158297 0.574036
0.156814 0.575826
0.155331 0.577611
0.153848 0.579392
0.152365 0.581167
0.150882 0.582938
0.149399 0.584704
0.149399 0.584704
0.147916 0.586466
0.146433 0.588223
0.144950 0.589976
0.143467 0.591724
0.141984 0.593468
0.141984 0.593468
0.140501 0.595208
0.139018 0.596944
0.137535 0.598675
0.136052 0.600403
0.134569 0.602126
0.133086 0.603846
0.131603 0.605561
0.131603 0.605561
0.130120 0.607273
0.128637 0.608982
0.127154 0.610686
0.125671 0.612387
0.124188 0.614085
0.122705 0.615778
0.121222 0.617469
0.119739 0.619156
0.119739 0.619156
0.118257 0.620839
0.116774 0.622520
0.115291 0.624198
0.113808 0.625872
0.112325 0.627544
0.110842 0.629212
0.109359 0.630878
0.107876 0.632541
0.107876 0.632541
0.106393 0.634201
0.104910 0.635859
0.103427 0.637514
0.101944 0.639166
0.100461 0.640816
0.098978 0.642463
0.097495 0.644108
0.096012 0.645751
0.094529 0.647392
0.094529 0.647392
0.093046 0.649030
0.091563 0.650666
0.090080 0.652301
0.088597 0.653933
0.087114 0.655563
0.085631 0.657192
0.084148 0.658819
0.082665 0.660444
0.081182 0.662067
0.079699 0.663689
0.079699 0.663689
0.078216 0.665310
0.076733 0.666929
0.075251 0.668545
0.073768 0.670161
0.072285 0.671776
0.070802 0.673390
0.069319 0.675003
0.067836 0.676614
0.066353 0.678225
0.064870 0.679835
0.064870 0.679835
0.063387 0.681444
0.061904 0.683052
0.060421 0.684659
0.058938 0.686266
0.057455 0.687872
0.055972 0.689478
0.054489 0.691083
0.053006 0.692687
0.051523 0.694292
0.050040 0.695896
0.050040 0.695896
0.048557 0.697500
0.047074 0.699103
0.045591 0.700707
0.044108 0.702311
0.042625 0.703914
0.041142 0.705518
0.039659 0.707122
0.038176 0.708727
0.036693 0.710331
0.035210 0.711936
0.035210 0.711936
0.033727 0.713541
0.032244 0.715147
0.030762 0.716753
0.029279 0.718360
0.027796 0.719968
0.026313 0.721576
0.024830 0.723186
0.023347 0.724796
0.021864 0.726407
0.020381 0.728020
0.018898 0.729633
0.018898 0.729633
0.017415 0.731248
0.015932 0.732863
0.014449 0.734480
0.012966 0.736099
0.011483 0.737719
