0.000000 -0.051240
0.010101 -0.051163
0.020202 -0.050934
0.030303 -0.050551
0.040404 -0.050015
0.050505 -0.049327
0.060606 -0.048485
0.070707 -0.047490
0.080808 -0.046342
0.090909 -0.045041
0.101010 -0.043588
0.111111 -0.041981
0.121212 -0.040221
0.131313 -0.038308
0.141414 -0.036242
0.151515 -0.034023
0.161616 -0.031651
0.171717 -0.029126
0.181818 -0.026448
0.191919 -0.023617
0.202020 -0.020634
0.212121 -0.017498
0.222222 -0.014209
0.232323 -0.010767
0.242424 -0.007174
0.252525 -0.003429
0.262626 0.000468
0.272727 0.004515
0.282828 0.008712
0.292929 0.013058
0.303030 0.017550
0.313131 0.022187
0.323232 0.026966
0.333333 0.031881
0.343434 0.036926
0.353535 0.042094
0.363636 0.047372
0.373737 0.052744
0.383838 0.058188
0.393939 0.063676
0.404040 0.069167
0.414141 0.074609
0.424242 0.079934
0.434343 0.085054
0.444444 0.089861
0.454545 0.094226
0.464646 0.098004
0.474747 0.101043
0.484848 0.103201
0.494949 0.104363
0.505051 0.104463
0.515152 0.103497
0.525253 0.101521
0.535354 0.098642
0.545455 0.094999
0.555556 0.090745
0.565657 0.086026
0.575758 0.080974
0.585859 0.075701
0.595960 0.070298
0.606061 0.064836
0.616162 0.059370
0.626263 0.053941
0.636364 0.048581
0.646465 0.043311
0.656566 0.038150
0.666667 0.033109
0.676768 0.028197
0.686869 0.023421
0.696970 0.018786
0.707071 0.014294
0.717172 0.009950
0.727273 0.005753
0.737374 0.001706
0.747475 -0.002190
0.757576 -0.005935
0.767677 -0.009528
0.777778 -0.012969
0.787879 -0.016258
0.797980 -0.019394
0.808081 -0.022378
0.818182 -0.025208
0.828283 -0.027886
0.838384 -0.030411
0.848485 -0.032783
0.858586 -0.035002
0.868687 -0.037068
0.878788 -0.038981
0.888889 -0.040741
0.898990 -0.042348
0.909091 -0.043802
0.919192 -0.045103
0.929293 -0.046250
0.939394 -0.047245
0.949495 -0.048087
0.959596 -0.048776
0.969697 -0.049311
0.979798 -0.049694
0.989899 -0.049923
1.000000 -0.050000
