0.024830 0.010000
0.024830 0.011483
0.024830 0.012966
0.024830 0.014449
0.024830 0.015932
0.024830 0.017415
0.024830 0.018898
0.024830 0.020381
0.024830 0.021864
0.024830 0.023347
0.024830 0.024830
0.024830 0.026313
0.024830 0.027796
0.024830 0.029279
0.024830 0.030762
0.024830 0.032244
0.024830 0.033727
0.024830 0.035210
0.024830 0.036693
0.024830 0.038176
0.024830 0.039659
0.024830 0.041142
0.024830 0.042625
0.024830 0.044108
0.024830 0.045591
0.024830 0.047074
0.024830 0.048557
0.024830 0.050040
0.024830 0.051523
0.024830 0.053006
0.024830 0.054489
0.024830 0.055972
0.024830 0.057455
0.024830 0.058938
0.024830 0.060421
0.024830 0.061904
0.024830 0.063387
0.024830 0.064870
0.024830 0.066353
0.024830 0.067836
0.024830 0.069319
0.024830 0.070802
0.024830 0.072285
0.024830 0.073768
0.024830 0.075251
0.024830 0.076733
0.024830 0.078216
0.024830 0.079699
0.024830 0.081182
0.024830 0.082665
0.024830 0.084148
0.024830 0.085631
0.024830 0.087114
0.024830 0.088597
0.024830 0.090080
0.024830 0.091563
0.024830 0.093046
0.024830 0.094529
0.024830 0.096012
0.024830 0.097495
0.024830 0.098978
0.024830 0.100461
0.024830 0.101944
0.024830 0.103427
0.024830 0.104910
0.024830 0.106393
0.024830 0.107876
0.024830 0.109359
0.024830 0.110842
0.024830 0.112325
0.024830 0.113808
0.024830 0.115291
0.024830 0.116774
0.024830 0.118257
0.024830 0.119739
0.024830 0.121222
0.024830 0.122705
0.024830 0.124188
0.024830 0.125671
0.024830 0.127154
0.024830 0.128637
0.024830 0.130120
0.024830 0.131603
0.024830 0.133086
0.024830 0.134569
0.024830 0.136052
0.024830 0.137535
0.024830 0.139018
0.024830 0.140501
0.024830 0.141984
0.024830 0.143467
0.024830 0.144950
0.024830 0.146433
0.024830 0.147916
0.024830 0.149399
0.024830 0.150882
0.024830 0.152365
0.024830 0.153848
0.024830 0.155331
0.024830 0.156814
0.024830 0.158297
0.024830 0.159780
0.024830 0.161263
0.024830 0.162745
0.024830 0.164228
0.024830 0.165711
0.024830 0.167194
0.024830 0.168677
0.024830 0.170160
0.024830 0.171643
0.024830 0.173126
0.024830 0.174609
0.024830 0.176092
0.024830 0.177575
0.024830 0.179058
0.024830 0.180541
0.024830 0.182024
0.024830 0.183507
0.024830 0.184990
0.024830 0.186473
0.024830 0.187956
0.024830 0.189439
0.024830 0.190922
0.024830 0.192405
0.024830 0.193888
0.024830 0.195371
0.024830 0.196854
0.024830 0.198337
0.024830 0.199820
0.024830 0.201303
0.024830 0.202786
0.024830 0.204269
0.024830 0.205752
0.024830 0.207234
0.024830 0.208717
0.024830 0.210200
0.024830 0.211683
0.024830 0.213166
0.024830 0.214649
0.024830 0.216132
0.024830 0.217615
0.024830 0.219098
0.024830 0.220581
0.024830 0.222064
0.024830 0.223547
0.024830 0.225030
0.024830 0.226513
0.024830 0.227996
0.024830 0.229479
0.024830 0.230962
0.024830 0.232445
0.024830 0.233928
0.024830 0.235411
0.024830 0.236894
0.024830 0.238377
0.024830 0.239860
0.024830 0.241343
0.024830 0.242826
0.024830 0.244309
0.024830 0.245792
0.024830 0.247275
0.024830 0.248758
0.024830 0.250240
0.024830 0.251723
0.024830 0.253206
0.024830 0.254689
0.024830 0.256172
0.024830 0.257655
0.024830 0.259138
0.024830 0.260621
0.024830 0.262104
0.024830 0.263587
0.024830 0.265070
0.024830 0.266553
0.024830 0.268036
0.024830 0.269519
0.024830 0.271002
0.024830 0.272485
0.024830 0.273968
0.024830 0.275451
0.024830 0.276934
0.024830 0.278417
0.024830 0.279900
0.024830 0.281383
0.024830 0.282866
0.024830 0.284349
0.024830 0.285832
0.024830 0.287315
0.024830 0.288798
0.024830 0.290281
0.024830 0.291764
0.024830 0.293246
0.024830 0.294729
0.024830 0.296212
0.024830 0.297695
0.024830 0.299178
0.024830 0.300661
0.024830 0.302144
0.024830 0.303627
0.024830 0.305110
0.024830 0.306593
0.024830 0.308076
0.024830 0.309559
0.024830 0.311042
0.024830 0.312525
0.024830 0.314008
0.024830 0.315491
0.024830 0.316974
0.024830 0.318457
0.024830 0.319940
0.024830 0.321423
0.024830 0.322906
0.024830 0.324389
0.024830 0.325872
0.024830 0.327355
0.024830 0.328838
0.024830 0.330321
0.024830 0.331804
0.024830 0.333287
0.024830 0.334770
0.024830 0.336253
0.024830 0.337735
0.024830 0.339218
0.024830 0.340701
0.024830 0.342184
0.024830 0.343667
0.024830 0.345150
0.024830 0.346633
0.024830 0.348116
0.024830 0.349599
0.024830 0.351082
0.024830 0.352565
0.024830 0.354048
0.024830 0.355531
0.024830 0.357014
0.024830 0.358497
0.024830 0.359980
0.024830 0.361463
0.024830 0.362946
0.024830 0.364429
0.024830 0.365912
0.024830 0.367395
0.024830 0.368878
0.024830 0.370361
0.024830 0.371844
0.024830 0.373327
0.024830 0.374810
0.024830 0.376293
0.024830 0.377776
0.024830 0.379259
0.024830 0.380741
0.024830 0.382224
0.024830 0.383707
0.024830 0.385190
0.024830 0.386673
0.024830 0.388156
0.024830 0.389639
0.024830 0.391122
0.024830 0.392605
0.024830 0.394088
0.024830 0.395571
0.024830 0.397054
0.024830 0.398537
0.024830 0.400020
0.024830 0.401503
0.024830 0.402986
0.024830 0.404469
0.024830 0.405952
0.024830 0.407435
0.024830 0.408918
0.024830 0.410401
0.024830 0.411884
0.024830 0.413367
0.024830 0.414850
0.024830 0.416333
0.024830 0.417816
0.024830 0.419299
0.024830 0.420782
0.024830 0.422265
0.024830 0.423747
0.024830 0.425230
0.024830 0.426713
0.024830 0.428196
0.024830 0.429679
0.024830 0.431162
0.024830 0.432645
0.024830 0.434128
0.024830 0.435611
0.024830 0.437094
0.024830 0.438577
0.024830 0.440060
0.024830 0.441543
0.024830 0.443026
0.024830 0.444509
0.024830 0.445992
0.024830 0.447475
0.024830 0.448958
0.024830 0.450441
0.024830 0.451924
0.024830 0.453407
0.024830 0.454890
0.024830 0.456373
0.024830 0.457856
0.024830 0.459339
0.024830 0.460822
0.024830 0.462305
0.024830 0.463788
0.024830 0.465271
0.024830 0.466754
0.024830 0.468236
0.024830 0.469719
0.024830 0.471202
0.024830 0.472685
0.024830 0.474168
0.024830 0.475651
0.024830 0.477134
0.024830 0.478617
0.024830 0.480100
0.024830 0.481583
0.024830 0.483066
0.024830 0.484549
0.024830 0.486032
0.024830 0.487515
0.024830 0.488998
0.024830 0.490481
0.024830 0.491964
0.024830 0.493447
0.024830 0.494930
0.024830 0.496413
0.024830 0.497896
0.024830 0.499379
0.024830 0.500862
0.024830 0.502345
0.024830 0.503828
0.024830 0.505311
0.024830 0.506794
0.024830 0.508277
0.024830 0.509760
0.024830 0.511242
0.024830 0.512725
0.024830 0.514208
0.024830 0.515691
0.024830 0.517174
0.024830 0.518657
0.024830 0.520140
0.024830 0.521623
0.024830 0.523106
0.024830 0.524589
0.024830 0.526072
0.024830 0.527555
0.024830 0.529038
0.024830 0.530521
0.024830 0.532004
0.024830 0.533487
0.024830 0.534970
0.024830 0.536453
0.024830 0.537936
0.024830 0.539419
0.024830 0.540902
0.024830 0.542385
0.024830 0.543868
0.024830 0.545351
0.024830 0.546834
0.024830 0.548317
0.024830 0.549800
0.024830 0.551283
0.024830 0.552766
0.024830 0.554248
0.024830 0.555731
0.024830 0.557214
0.024830 0.558697
0.024830 0.560180
0.024830 0.561663
0.024830 0.563146
0.024830 0.564629
0.024830 0.566112
0.024830 0.567595
0.024830 0.569078
0.024830 0.570561
0.024830 0.572044
0.024830 0.573527
0.024830 0.575010
0.024830 0.576493
0.024830 0.577976
0.024830 0.579459
0.024830 0.580942
0.024830 0.582425
0.024830 0.583908
0.024830 0.585391
0.024830 0.586874
0.024830 0.588357
0.024830 0.589840
0.024830 0.591323
0.024830 0.592806
0.024830 0.594289
0.024830 0.595772
0.024830 0.597255
0.024830 0.598737
0.024830 0.600220
0.024830 0.601703
0.024830 0.603186
0.024830 0.604669
0.024830 0.606152
0.024830 0.607635
0.024830 0.609118
0.024830 0.610601
0.024830 0.612084
0.024830 0.613567
0.024830 0.615050
0.024830 0.616533
0.024830 0.618016
0.024830 0.619499
0.024830 0.620982
0.024830 0.622465
0.024830 0.623948
0.024830 0.625431
0.024830 0.626914
0.024830 0.628397
0.024830 0.629880
0.024830 0.631363
0.024830 0.632846
0.024830 0.634329
0.024830 0.635812
0.024830 0.637295
0.024830 0.638778
0.024830 0.640261
0.024830 0.641743
0.024830 0.643226
0.024830 0.644709
0.024830 0.646192
0.024830 0.647675
0.024830 0.649158
0.024830 0.650641
0.024830 0.652124
0.024830 0.653607
0.024830 0.655090
0.024830 0.656573
0.024830 0.658056
0.024830 0.659539
0.024830 0.661022
0.024830 0.662505
0.024830 0.663988
0.024830 0.665471
0.024830 0.666954
0.024830 0.668437
0.024830 0.669920
0.024830 0.671403
0.024830 0.672886
0.024830 0.674369
0.024830 0.675852
0.024830 0.677335
0.024830 0.678818
0.024830 0.680301
0.024830 0.681784
0.024830 0.683267
0.024830 0.684749
0.024830 0.686232
0.024830 0.687715
0.024830 0.689198
0.024830 0.690681
0.024830 0.692164
0.024830 0.693647
0.024830 0.695130
0.024830 0.696613
0.024830 0.698096
0.024830 0.699579
0.024830 0.701062
0.024830 0.702545
0.024830 0.704028
0.024830 0.705511
0.024830 0.706994
0.024830 0.708477
0.024830 0.709960
0.024830 0.711443
0.024830 0.712926
0.024830 0.714409
0.024830 0.715892
0.024830 0.717375
0.024830 0.718858
0.024830 0.720341
0.024830 0.721824
0.024830 0.723307
0.024830 0.724790
0.024830 0.726273
0.024830 0.727756
0.024830 0.729238
0.024830 0.730721
0.024830 0.732204
0.024830 0.733687
0.024830 0.735170
0.024830 0.736653
0.024830 0.738136
0.024830 0.739619
0.024830 0.741102
0.024830 0.742585
0.024830 0.744068
0.024830 0.745551
0.024830 0.747034
0.024830 0.748517
0.024830 0.750000
