0.461849 0.010000
0.461301 0.011483
0.460755 0.012966
0.460211 0.014449
0.459668 0.015932
0.459126 0.017415
0.458586 0.018898
0.458046 0.020381
0.457508 0.021864
0.456971 0.023347
0.456434 0.024830
0.455898 0.026313
0.455363 0.027796
0.454828 0.029279
0.454294 0.030762
0.453760 0.032244
0.453226 0.033727
0.452693 0.035210
0.452159 0.036693
0.451625 0.038176
0.451091 0.039659
0.450556 0.041142
0.450022 0.042625
0.449486 0.044108
0.448950 0.045591
0.448413 0.047074
0.447882 0.048557
0.447309 0.050040
0.446777 0.051523
0.446246 0.053006
0.445714 0.054489
0.445177 0.055972
0.444595 0.057455
0.444053 0.058938
0.443508 0.060421
0.442959 0.061904
0.442403 0.063387
0.441847 0.064870
0.441289 0.066353
0.440727 0.067836
0.440205 0.069319
0.439636 0.070802
0.439064 0.072285
0.438536 0.073768
0.437963 0.075251
0.437429 0.076733
0.436845 0.078216
0.436258 0.079699
0.435712 0.081182
0.435119 0.082665
0.434564 0.084148
0.434006 0.085631
0.433403 0.087114
0.432841 0.088597
0.432278 0.090080
0.431712 0.091563
0.431142 0.093046
0.430527 0.094529
0.429951 0.096012
0.429373 0.097495
0.428792 0.098978
0.428206 0.100461
0.427621 0.101944
0.427035 0.103427
0.426447 0.104910
0.425855 0.106393
0.425257 0.107876
0.424659 0.109359
0.424061 0.110842
0.423459 0.112325
0.422900 0.113808
0.422296 0.115291
0.421731 0.116774
0.421117 0.118257
0.420501 0.119739
0.419927 0.121222
0.419307 0.122705
0.418728 0.124188
0.418147 0.125671
0.417563 0.127154
0.416975 0.128637
0.416342 0.130120
0.415750 0.131603
0.415157 0.133086
0.414562 0.134569
0.413963 0.136052
0.413360 0.137535
0.412750 0.139018
0.412140 0.140501
0.411529 0.141984
0.410916 0.143467
0.410299 0.144950
0.409676 0.146433
0.409095 0.147916
0.408465 0.149399
0.407834 0.150882
0.407201 0.152365
0.406564 0.153848
0.405968 0.155331
0.405327 0.156814
0.404725 0.158297
0.404074 0.159780
0.403460 0.161263
0.402842 0.162745
0.402180 0.164228
0.401560 0.165711
0.400893 0.167194
0.400264 0.168677
0.399634 0.170160
0.399001 0.171643
0.398364 0.173126
0.397722 0.174609
0.397073 0.176092
0.396465 0.177575
0.395809 0.179058
0.395152 0.180541
0.394493 0.182024
0.393831 0.183507
0.393212 0.184990
0.392548 0.186473
0.391926 0.187956
0.391256 0.189439
0.390627 0.190922
0.389948 0.192405
0.389307 0.193888
0.388663 0.195371
0.388015 0.196854
0.387363 0.198337
0.386705 0.199820
0.386042 0.201303
0.385331 0.202786
0.384661 0.204269
0.383990 0.205752
0.383317 0.207234
0.382643 0.208717
0.381965 0.210200
0.381284 0.211683
0.380598 0.213166
0.379906 0.214649
0.379256 0.216132
0.378560 0.217615
0.377904 0.219098
0.377200 0.220581
0.376535 0.222064
0.375821 0.223547
0.375145 0.225030
0.374467 0.226513
0.373785 0.227996
0.373101 0.229479
0.372412 0.230962
0.371719 0.232445
0.371021 0.233928
0.370318 0.235411
0.369609 0.236894
0.368893 0.238377
0.368219 0.239860
0.367498 0.241343
0.366818 0.242826
0.366090 0.244309
0.365402 0.245792
0.364667 0.247275
0.363970 0.248758
0.363225 0.250240
0.362518 0.251723
0.361763 0.253206
0.361045 0.254689
0.360325 0.256172
0.359603 0.257655
0.358879 0.259138
0.358152 0.260621
0.357424 0.262104
0.356692 0.263587
0.355957 0.265070
0.355220 0.266553
0.354479 0.268036
0.353735 0.269519
0.352988 0.271002
0.352236 0.272485
0.351481 0.273968
0.350722 0.275451
0.349959 0.276934
0.349239 0.278417
0.348515 0.279900
0.347787 0.281383
0.347056 0.282866
0.346320 0.284349
0.345581 0.285832
0.344839 0.287315
0.344094 0.288798
0.343345 0.290281
0.342594 0.291764
0.341840 0.293246
0.341083 0.294729
0.340324 0.296212
0.339563 0.297695
0.338840 0.299178
0.338066 0.300661
0.337331 0.302144
0.336547 0.303627
0.335802 0.305110
0.335009 0.306593
0.334255 0.308076
0.333454 0.309559
0.332692 0.311042
0.331884 0.312525
0.331117 0.314008
0.330343 0.315491
0.329563 0.316974
0.328777 0.318457
0.327986 0.319940
0.327190 0.321423
0.326390 0.322906
0.325586 0.324389
0.324819 0.325872
0.324001 0.327355
0.323221 0.328838
0.322391 0.330321
0.321601 0.331804
0.320763 0.333287
0.319965 0.334770
0.319161 0.336253
0.318350 0.337735
0.317534 0.339218
0.316714 0.340701
0.315890 0.342184
0.315104 0.343667
0.314267 0.345150
0.313469 0.346633
0.312624 0.348116
0.311820 0.349599
0.310970 0.351082
0.310163 0.352565
0.309352 0.354048
0.308490 0.355531
0.307665 0.357014
0.306792 0.358497
0.305958 0.359980
0.305117 0.361463
0.304269 0.362946
0.303417 0.364429
0.302560 0.365912
0.301701 0.367395
0.300880 0.368878
0.300011 0.370361
0.299182 0.371844
0.298348 0.373327
0.297461 0.374810
0.296611 0.376293
0.295710 0.377776
0.294849 0.379259
0.293980 0.380741
0.293106 0.382224
0.292226 0.383707
0.291383 0.385190
0.290491 0.386673
0.289639 0.388156
0.288741 0.389639
0.287838 0.391122
0.286971 0.392605
0.286054 0.394088
0.285177 0.395571
0.284294 0.397054
0.283405 0.398537
0.282513 0.400020
0.281612 0.401503
0.280703 0.402986
0.279788 0.404469
0.278908 0.405952
0.277978 0.407435
0.277087 0.408918
0.276150 0.410401
0.275208 0.411884
0.274304 0.413367
0.273350 0.414850
0.272437 0.416333
0.271519 0.417816
0.270550 0.419299
0.269619 0.420782
0.268680 0.422265
0.267736 0.423747
0.266789 0.425230
0.265881 0.426713
0.264926 0.428196
0.263966 0.429679
0.263043 0.431162
0.262111 0.432645
0.261173 0.434128
0.260231 0.435611
0.259279 0.437094
0.258321 0.438577
0.257357 0.440060
0.256431 0.441543
0.255458 0.443026
0.254479 0.444509
0.253537 0.445992
0.252546 0.447475
0.251550 0.448958
0.250590 0.450441
0.249620 0.451924
0.248644 0.453407
0.247665 0.454890
0.246676 0.456373
0.245681 0.457856
0.244682 0.459339
0.243674 0.460822
0.242700 0.462305
0.241673 0.463788
0.240687 0.465271
0.239694 0.466754
0.238690 0.468236
0.237679 0.469719
0.236663 0.471202
0.235636 0.472685
0.234643 0.474168
0.233597 0.475651
0.232543 0.477134
0.231523 0.478617
0.230453 0.480100
0.229376 0.481583
0.228334 0.483066
0.227282 0.484549
0.226265 0.486032
0.225197 0.487515
0.224123 0.488998
0.223085 0.490481
0.222039 0.491964
0.220940 0.493447
0.219880 0.494930
0.218815 0.496413
0.217740 0.497896
0.216659 0.499379
0.215575 0.500862
0.214484 0.502345
0.213430 0.503828
0.212368 0.505311
0.211254 0.506794
0.210133 0.508277
0.209047 0.509760
0.207952 0.511242
0.206844 0.512725
0.205728 0.514208
0.204607 0.515691
0.203477 0.517174
0.202382 0.518657
0.201278 0.520140
0.200122 0.521623
0.199006 0.523106
0.197885 0.524589
0.196756 0.526072
0.195616 0.527555
0.194467 0.529038
0.193316 0.530521
0.192158 0.532004
0.191036 0.533487
0.189909 0.534970
0.188771 0.536453
0.187580 0.537936
0.186429 0.539419
0.185273 0.540902
0.184109 0.542385
0.182934 0.543868
0.181791 0.545351
0.180639 0.546834
0.179433 0.548317
0.178219 0.549800
0.177041 0.551283
0.175855 0.552766
0.174659 0.554248
0.173498 0.555731
0.172289 0.557214
0.171077 0.558697
0.169858 0.560180
0.168630 0.561663
0.167436 0.563146
0.166235 0.564629
0.165024 0.566112
0.163799 0.567595
0.162566 0.569078
0.161330 0.570561
0.160089 0.572044
0.158839 0.573527
0.157625 0.575010
0.156406 0.576493
0.155179 0.577976
0.153940 0.579459
0.152688 0.580942
0.151428 0.582425
0.150166 0.583908
0.148899 0.585391
0.147625 0.586874
0.146340 0.588357
0.145091 0.589840
0.143835 0.591323
0.142571 0.592806
0.141295 0.594289
0.139966 0.595772
0.138678 0.597255
0.137388 0.598737
0.136094 0.600220
0.134793 0.601703
0.133485 0.603186
0.132213 0.604669
0.130937 0.606152
0.129655 0.607635
0.128364 0.609118
0.127024 0.610601
0.125679 0.612084
0.124376 0.613567
0.123072 0.615050
0.121767 0.616533
0.120458 0.618016
0.119142 0.619499
0.117819 0.620982
0.116485 0.622465
0.115188 0.623948
0.113885 0.625431
0.112536 0.626914
0.111186 0.628397
0.109835 0.629880
0.108478 0.631363
0.107164 0.632846
0.105850 0.634329
0.104535 0.635812
0.103217 0.637295
0.101894 0.638778
0.100565 0.640261
0.099229 0.641743
0.097843 0.643226
0.096502 0.644709
0.095165 0.646192
0.093831 0.647675
0.092496 0.649158
0.091161 0.650641
0.089823 0.652124
0.088480 0.653607
0.087131 0.655090
0.085774 0.656573
0.084456 0.658056
0.083096 0.659539
0.081740 0.661022
0.080387 0.662505
0.079036 0.663988
0.077684 0.665471
0.076329 0.666954
0.074971 0.668437
0.073607 0.669920
0.072285 0.671403
0.070962 0.672886
0.069638 0.674369
0.068271 0.675852
0.066909 0.677335
0.065549 0.678818
0.064190 0.680301
0.062831 0.681784
0.061468 0.683267
0.060102 0.684749
0.058778 0.686232
0.057455 0.687715
0.056132 0.689198
0.054808 0.690681
0.053481 0.692164
0.052110 0.693647
0.050743 0.695130
0.049376 0.696613
0.048010 0.698096
0.046640 0.699579
0.045267 0.701062
0.043898 0.702545
0.042498 0.704028
0.041075 0.705511
0.039636 0.706994
0.038186 0.708477
0.036730 0.709960
0.035274 0.711443
0.033823 0.712926
0.032392 0.714409
0.030979 0.715892
0.029587 0.717375
0.028219 0.718858
0.026877 0.720341
0.025565 0.721824
0.024284 0.723307
0.023040 0.724790
0.021833 0.726273
0.020667 0.727756
0.019545 0.729238
0.018470 0.730721
0.017444 0.732204
0.016471 0.733687
0.015554 0.735170
0.014695 0.736653
0.013897 0.738136
0.013163 0.739619
0.012496 0.741102
0.011899 0.742585
0.011375 0.744068
0.010927 0.745551
0.010557 0.747034
0.010269 0.748517
0.010065 0.750000
