0.400020 0.010000
0.400020 0.011483
0.398537 0.012966
0.398537 0.014449
0.397054 0.015932
0.397054 0.017415
0.395571 0.018898
0.395571 0.020381
0.394088 0.021864
0.392605 0.023347
0.392605 0.024830
0.391122 0.026313
0.391122 0.027796
0.389639 0.029279
0.389639 0.030762
0.388156 0.032244
0.388156 0.033727
0.386673 0.035210
0.386673 0.036693
0.385190 0.038176
0.383707 0.039659
0.383707 0.041142
0.382224 0.042625
0.039659 0.044108
0.039659 0.045591
0.039659 0.047074
0.039659 0.048557
0.039659 0.050040
0.039659 0.051523
0.039659 0.053006
0.039659 0.054489
0.039659 0.055972
0.039659 0.057455
0.039659 0.058938
0.039659 0.060421
0.039659 0.061904
0.039659 0.063387
0.039659 0.064870
0.039659 0.066353
0.039659 0.067836
0.039659 0.069319
0.039659 0.070802
0.039659 0.072285
0.039659 0.073768
0.039659 0.075251
0.039659 0.076733
0.039659 0.078216
0.039659 0.079699
0.039659 0.081182
0.039659 0.082665
0.039659 0.084148
0.039659 0.085631
0.039659 0.087114
0.039659 0.088597
0.039659 0.090080
0.039659 0.091563
0.039659 0.093046
0.039659 0.094529
0.039659 0.096012
0.039659 0.097495
0.039659 0.098978
0.039659 0.100461
0.039659 0.101944
0.039659 0.103427
0.039659 0.104910
0.039659 0.106393
0.039659 0.107876
0.039659 0.109359
0.039659 0.110842
0.039659 0.112325
0.039659 0.113808
0.039659 0.115291
0.039659 0.116774
0.039659 0.118257
0.039659 0.119739
0.039659 0.121222
0.039659 0.122705
0.039659 0.124188
0.039659 0.125671
0.039659 0.127154
0.039659 0.128637
0.039659 0.130120
0.039659 0.131603
0.039659 0.133086
0.039659 0.134569
0.039659 0.136052
0.039659 0.137535
0.039659 0.139018
0.039659 0.140501
0.039659 0.141984
0.039659 0.143467
0.039659 0.144950
0.039659 0.146433
0.039659 0.147916
0.039659 0.149399
0.039659 0.150882
0.039659 0.152365
0.039659 0.153848
0.039659 0.155331
0.039659 0.156814
0.039659 0.158297
0.039659 0.159780
0.039659 0.161263
0.039659 0.162745
0.039659 0.164228
0.039659 0.165711
0.039659 0.167194
0.039659 0.168677
0.039659 0.170160
0.039659 0.171643
0.039659 0.173126
0.039659 0.174609
0.039659 0.176092
0.039659 0.177575
0.039659 0.179058
0.039659 0.180541
0.039659 0.182024
0.039659 0.183507
0.039659 0.184990
0.039659 0.186473
0.039659 0.187956
0.039659 0.189439
0.039659 0.190922
0.039659 0.192405
0.039659 0.193888
0.039659 0.195371
0.039659 0.196854
0.039659 0.198337
0.039659 0.199820
0.039659 0.201303
0.039659 0.202786
0.039659 0.204269
0.039659 0.205752
0.039659 0.207234
0.039659 0.208717
0.039659 0.210200
0.039659 0.211683
0.039659 0.213166
0.039659 0.214649
0.039659 0.216132
0.039659 0.217615
0.039659 0.219098
0.039659 0.220581
0.039659 0.222064
0.039659 0.223547
0.039659 0.225030
0.039659 0.226513
0.039659 0.227996
0.039659 0.229479
0.039659 0.230962
0.039659 0.232445
0.039659 0.233928
0.039659 0.235411
0.039659 0.236894
0.039659 0.238377
0.039659 0.239860
0.039659 0.241343
0.039659 0.242826
0.039659 0.244309
0.039659 0.245792
0.039659 0.247275
0.039659 0.248758
0.039659 0.250240
0.039659 0.251723
0.039659 0.253206
0.039659 0.254689
0.039659 0.256172
0.039659 0.257655
0.039659 0.259138
0.039659 0.260621
0.039659 0.262104
0.039659 0.263587
0.039659 0.265070
0.039659 0.266553
0.039659 0.268036
0.039659 0.269519
0.039659 0.271002
0.039659 0.272485
0.039659 0.273968
0.039659 0.275451
0.039659 0.276934
0.039659 0.278417
0.039659 0.279900
0.039659 0.281383
0.039659 0.282866
0.039659 0.284349
0.039659 0.285832
0.039659 0.287315
0.039659 0.288798
0.039659 0.290281
0.039659 0.291764
0.039659 0.293246
0.039659 0.294729
0.039659 0.296212
0.039659 0.297695
0.039659 0.299178
0.039659 0.300661
0.039659 0.302144
0.039659 0.303627
0.039659 0.305110
0.039659 0.306593
0.039659 0.308076
0.039659 0.309559
0.039659 0.311042
0.039659 0.312525
0.039659 0.314008
0.039659 0.315491
0.039659 0.316974
0.039659 0.318457
0.039659 0.319940
0.039659 0.321423
0.039659 0.322906
0.039659 0.324389
0.039659 0.325872
0.039659 0.327355
0.039659 0.328838
0.039659 0.330321
0.039659 0.331804
0.039659 0.333287
0.039659 0.334770
0.039659 0.336253
0.039659 0.337735
0.039659 0.339218
0.039659 0.340701
0.039659 0.342184
0.039659 0.343667
0.039659 0.345150
0.039659 0.346633
0.039659 0.348116
0.039659 0.349599
0.039659 0.351082
0.039659 0.352565
0.039659 0.354048
0.039659 0.355531
0.039659 0.357014
0.039659 0.358497
0.039659 0.359980
0.039659 0.361463
0.039659 0.362946
0.039659 0.364429
0.039659 0.365912
0.039659 0.367395
0.039659 0.368878
0.039659 0.370361
0.039659 0.371844
0.039659 0.373327
0.039659 0.374810
0.039659 0.376293
0.039659 0.377776
0.039659 0.379259
0.039659 0.380741
0.039659 0.382224
0.039659 0.383707
0.039659 0.385190
0.039659 0.386673
0.039659 0.388156
0.039659 0.389639
0.039659 0.391122
0.039659 0.392605
0.039659 0.394088
0.039659 0.395571
0.039659 0.397054
0.039659 0.398537
0.039659 0.400020
0.039659 0.401503
0.039659 0.402986
0.039659 0.404469
0.039659 0.405952
0.039659 0.407435
0.039659 0.408918
0.039659 0.410401
0.039659 0.411884
0.039659 0.413367
0.039659 0.414850
0.039659 0.416333
0.039659 0.417816
0.039659 0.419299
0.039659 0.420782
0.039659 0.422265
0.039659 0.423747
0.039659 0.425230
0.039659 0.426713
0.039659 0.428196
0.039659 0.429679
0.039659 0.431162
0.039659 0.432645
0.039659 0.434128
0.039659 0.435611
0.039659 0.437094
0.039659 0.438577
0.039659 0.440060
0.039659 0.441543
0.039659 0.443026
0.039659 0.444509
0.039659 0.445992
0.039659 0.447475
0.039659 0.448958
0.039659 0.450441
0.039659 0.451924
0.039659 0.453407
0.039659 0.454890
0.039659 0.456373
0.039659 0.457856
0.039659 0.459339
0.039659 0.460822
0.039659 0.462305
0.039659 0.463788
0.039659 0.465271
0.039659 0.466754
0.039659 0.468236
0.039659 0.469719
0.039659 0.471202
0.039659 0.472685
0.039659 0.474168
0.039659 0.475651
0.039659 0.477134
0.039659 0.478617
0.039659 0.480100
0.039659 0.481583
0.039659 0.483066
0.039659 0.484549
0.039659 0.486032
0.039659 0.487515
0.039659 0.488998
0.039659 0.490481
0.039659 0.491964
0.039659 0.493447
0.039659 0.494930
0.039659 0.496413
0.039659 0.497896
0.039659 0.499379
0.039659 0.500862
0.039659 0.502345
0.039659 0.503828
0.039659 0.505311
0.039659 0.506794
0.039659 0.508277
0.039659 0.509760
0.039659 0.511242
0.039659 0.512725
0.039659 0.514208
0.039659 0.515691
0.039659 0.517174
0.039659 0.518657
0.039659 0.520140
0.039659 0.521623
0.039659 0.523106
0.039659 0.524589
0.039659 0.526072
0.039659 0.527555
0.039659 0.529038
0.039659 0.530521
0.039659 0.532004
0.039659 0.533487
0.039659 0.534970
0.039659 0.536453
0.039659 0.537936
0.039659 0.539419
0.039659 0.540902
0.039659 0.542385
0.039659 0.543868
0.039659 0.545351
0.039659 0.546834
0.039659 0.548317
0.039659 0.549800
0.039659 0.551283
0.039659 0.552766
0.039659 0.554248
0.039659 0.555731
0.039659 0.557214
0.039659 0.558697
0.039659 0.560180
0.039659 0.561663
0.039659 0.563146
0.039659 0.564629
0.039659 0.566112
0.039659 0.567595
0.039659 0.569078
0.039659 0.570561
0.039659 0.572044
0.039659 0.573527
0.039659 0.575010
0.039659 0.576493
0.039659 0.577976
0.039659 0.579459
0.039659 0.580942
0.039659 0.582425
0.039659 0.583908
0.039659 0.585391
0.039659 0.586874
0.039659 0.588357
0.039659 0.589840
0.039659 0.591323
0.039659 0.592806
0.039659 0.594289
0.039659 0.595772
0.039659 0.597255
0.039659 0.598737
0.039659 0.600220
0.039659 0.601703
0.039659 0.603186
0.039659 0.604669
0.039659 0.606152
0.039659 0.607635
0.039659 0.609118
0.039659 0.610601
0.039659 0.612084
0.039659 0.613567
0.039659 0.615050
0.039659 0.616533
0.039659 0.618016
0.039659 0.619499
0.039659 0.620982
0.039659 0.622465
0.039659 0.623948
0.039659 0.625431
0.039659 0.626914
0.039659 0.628397
0.039659 0.629880
0.039659 0.631363
0.039659 0.632846
0.039659 0.634329
0.039659 0.635812
0.039659 0.637295
0.039659 0.638778
0.039659 0.640261
0.039659 0.641743
0.039659 0.643226
0.039659 0.644709
0.039659 0.646192
0.039659 0.647675
0.039659 0.649158
0.039659 0.650641
0.039659 0.652124
0.039659 0.653607
0.039659 0.655090
0.039659 0.656573
0.039659 0.658056
0.039659 0.659539
0.039659 0.661022
0.039659 0.662505
0.039659 0.663988
0.039659 0.665471
0.039659 0.666954
0.039659 0.668437
0.039659 0.669920
0.039659 0.671403
0.039659 0.672886
0.039659 0.674369
0.039659 0.675852
0.039659 0.677335
0.039659 0.678818
0.039659 0.680301
0.039659 0.681784
0.039659 0.683267
0.039659 0.684749
0.039659 0.686232
0.039659 0.687715
0.039659 0.689198
0.039659 0.690681
0.039659 0.692164
0.039659 0.693647
0.039659 0.695130
0.039659 0.696613
0.039659 0.698096
0.039659 0.699579
0.039659 0.701062
0.039659 0.702545
0.039659 0.704028
0.039659 0.705511
0.039659 0.706994
0.039659 0.708477
0.039659 0.709960
0.039659 0.711443
0.039659 0.712926
0.039659 0.714409
0.039659 0.715892
0.039659 0.717375
0.039659 0.718858
0.039659 0.720341
0.039659 0.721824
0.039659 0.723307
0.039659 0.724790
0.039659 0.726273
0.039659 0.727756
0.039659 0.729238
0.039659 0.730721
0.039659 0.732204
0.039659 0.733687
0.039659 0.735170
0.039659 0.736653
0.039659 0.738136
0.039659 0.739619
0.039659 0.741102
0.039659 0.742585
0.039659 0.744068
0.039659 0.745551
0.039659 0.747034
0.039659 0.748517
0.039659 0.750000
