0.000000 -0.605671
0.010101 -0.605651
0.020202 -0.605590
0.030303 -0.605491
0.040404 -0.605357
0.050505 -0.605190
0.060606 -0.604992
0.070707 -0.604765
0.080808 -0.604512
0.090909 -0.604235
0.101010 -0.603936
0.111111 -0.603618
0.121212 -0.603283
0.131313 -0.602933
0.141414 -0.602571
0.151515 -0.602199
0.161616 -0.601820
0.171717 -0.601435
0.181818 -0.601048
0.191919 -0.600659
0.202020 -0.600272
0.212121 -0.599888
0.222222 -0.599510
0.232323 -0.599139
0.242424 -0.598778
0.252525 -0.598428
0.262626 -0.598091
0.272727 -0.597769
0.282828 -0.597464
0.292929 -0.597177
0.303030 -0.596910
0.313131 -0.596663
0.323232 -0.596439
0.333333 -0.596238
0.343434 -0.596061
0.353535 -0.595909
0.363636 -0.595783
0.373737 -0.595684
0.383838 -0.595612
0.393939 -0.595567
0.404040 -0.595550
0.414141 -0.595561
0.424242 -0.595599
0.434343 -0.595665
0.444444 -0.595758
0.454545 -0.595878
0.464646 -0.596024
0.474747 -0.596195
0.484848 -0.596391
0.494949 -0.596610
0.505051 -0.596851
0.515152 -0.597114
0.525253 -0.597396
0.535354 -0.597696
0.545455 -0.598013
0.555556 -0.598345
0.565657 -0.598689
0.575758 -0.599045
0.585859 -0.599409
0.595960 -0.599780
0.606061 -0.600155
0.616162 -0.600533
0.626263 -0.600911
0.636364 -0.601286
0.646465 -0.601656
0.656566 -0.602018
0.666667 -0.602369
0.676768 -0.602708
0.686869 -0.603031
0.696970 -0.603336
0.707071 -0.603619
0.717172 -0.603879
0.727273 -0.604112
0.737374 -0.604315
0.747475 -0.604486
0.757576 -0.604621
0.767677 -0.604719
0.777778 -0.604776
0.787879 -0.604789
0.797980 -0.604756
0.808081 -0.604673
0.818182 -0.604539
0.828283 -0.604350
0.838384 -0.604104
0.848485 -0.603798
0.858586 -0.603430
0.868687 -0.602996
0.878788 -0.602495
0.888889 -0.601924
0.898990 -0.601280
0.909091 -0.600562
0.919192 -0.599766
0.929293 -0.598890
0.939394 -0.597932
0.949495 -0.596891
0.959596 -0.595763
0.969697 -0.594546
0.979798 -0.593239
0.989899 -0.591840
1.000000 -0.590346
