0.472685 0.011729
0.472685 0.011729
0.472685 0.011729
0.471202 0.016250
0.471202 0.016250
0.471202 0.016250
0.469719 0.020751
0.469719 0.020751
0.469719 0.020751
0.468236 0.025232
0.468236 0.025232
0.468236 0.025232
0.466754 0.029691
0.466754 0.029691
0.466754 0.029691
0.465271 0.034133
0.465271 0.034133
0.465271 0.034133
0.463788 0.038555
0.463788 0.038555
0.463788 0.038555
0.462305 0.042959
0.462305 0.042959
0.462305 0.042959
0.460822 0.047344
0.460822 0.047344
0.460822 0.047344
0.459339 0.051709
0.459339 0.051709
0.459339 0.051709
0.457856 0.056057
0.457856 0.056057
0.457856 0.056057
0.456373 0.060386
0.456373 0.060386
0.456373 0.060386
0.454890 0.064697
0.454890 0.064697
0.454890 0.064697
0.453407 0.068990
0.453407 0.068990
0.453407 0.068990
0.451924 0.073265
0.451924 0.073265
0.451924 0.073265
0.450441 0.077522
0.450441 0.077522
0.450441 0.077522
0.448958 0.081763
0.448958 0.081763
0.447475 0.085986
0.447475 0.085986
0.447475 0.085986
0.445992 0.090192
0.445992 0.090192
0.445992 0.090192
0.444509 0.094382
0.444509 0.094382
0.444509 0.094382
0.443026 0.098555
0.443026 0.098555
0.443026 0.098555
0.441543 0.102711
0.441543 0.102711
0.441543 0.102711
0.440060 0.106852
0.440060 0.106852
0.438577 0.110976
0.438577 0.110976
0.438577 0.110976
0.437094 0.115085
0.437094 0.115085
0.437094 0.115085
0.435611 0.119178
0.435611 0.119178
0.435611 0.119178
0.434128 0.123256
0.434128 0.123256
0.432645 0.127318
0.432645 0.127318
0.432645 0.127318
0.431162 0.131366
0.431162 0.131366
0.431162 0.131366
0.429679 0.135399
0.429679 0.135399
0.429679 0.135399
0.428196 0.139417
0.428196 0.139417
0.426713 0.143421
0.426713 0.143421
0.426713 0.143421
0.425230 0.147411
0.425230 0.147411
0.425230 0.147411
0.423747 0.151386
0.423747 0.151386
0.422265 0.155346
0.422265 0.155346
0.422265 0.155346
0.420782 0.159294
0.420782 0.159294
0.420782 0.159294
0.419299 0.163229
0.419299 0.163229
0.417816 0.167151
0.417816 0.167151
0.417816 0.167151
0.416333 0.171060
0.416333 0.171060
0.414850 0.174956
0.414850 0.174956
0.414850 0.174956
0.413367 0.178839
0.413367 0.178839
0.413367 0.178839
0.411884 0.182710
0.411884 0.182710
0.410401 0.186569
0.410401 0.186569
0.410401 0.186569
0.408918 0.190416
0.408918 0.190416
0.408918 0.190416
0.407435 0.194251
0.407435 0.194251
0.405952 0.198074
0.405952 0.198074
0.405952 0.198074
0.404469 0.201886
0.404469 0.201886
0.402986 0.205687
0.402986 0.205687
0.402986 0.205687
0.401503 0.209476
0.401503 0.209476
0.400020 0.213255
0.400020 0.213255
0.400020 0.213255
0.398537 0.217024
0.398537 0.217024
0.397054 0.220781
0.397054 0.220781
0.397054 0.220781
0.395571 0.224529
0.395571 0.224529
0.394088 0.228267
0.394088 0.228267
0.394088 0.228267
0.392605 0.231994
0.392605 0.231994
0.391122 0.235712
0.391122 0.235712
0.391122 0.235712
0.389639 0.239421
0.389639 0.239421
0.388156 0.243120
0.388156 0.243120
0.388156 0.243120
0.386673 0.246811
0.386673 0.246811
0.385190 0.250492
0.385190 0.250492
0.385190 0.250492
0.383707 0.254165
0.383707 0.254165
0.382224 0.257830
0.382224 0.257830
0.382224 0.257830
0.380741 0.261486
0.380741 0.261486
0.379259 0.265131
0.379259 0.265131
0.379259 0.265131
0.377776 0.268772
0.377776 0.268772
0.376293 0.272404
0.376293 0.272404
0.376293 0.272404
0.374810 0.276029
0.374810 0.276029
0.373327 0.279647
0.373327 0.279647
0.373327 0.279647
0.371844 0.283258
0.371844 0.283258
0.370361 0.286862
0.370361 0.286862
0.368878 0.290459
0.368878 0.290459
0.368878 0.290459
0.367395 0.294050
0.367395 0.294050
0.365912 0.297634
0.365912 0.297634
0.365912 0.297634
0.364429 0.301213
0.364429 0.301213
0.362946 0.304785
0.362946 0.304785
0.361463 0.308352
0.361463 0.308352
0.361463 0.308352
0.359980 0.311914
0.359980 0.311914
0.358497 0.315470
0.358497 0.315470
0.358497 0.315470
0.357014 0.319021
0.357014 0.319021
0.355531 0.322567
0.355531 0.322567
0.354048 0.326108
0.354048 0.326108
0.354048 0.326108
0.352565 0.329645
0.352565 0.329645
0.351082 0.333177
0.351082 0.333177
0.351082 0.333177
0.349599 0.336706
0.349599 0.336706
0.348116 0.340230
0.348116 0.340230
0.346633 0.343751
0.346633 0.343751
0.346633 0.343751
0.345150 0.347269
0.345150 0.347269
0.343667 0.350783
0.343667 0.350783
0.342184 0.354293
0.342184 0.354293
0.342184 0.354293
0.340701 0.357801
0.340701 0.357801
0.339218 0.361307
0.339218 0.361307
0.339218 0.361307
0.337735 0.364809
0.337735 0.364809
0.336253 0.368307
0.336253 0.368307
0.334770 0.371806
0.334770 0.371806
0.334770 0.371806
0.333287 0.375302
0.333287 0.375302
0.331804 0.378797
0.331804 0.378797
0.330321 0.382290
0.330321 0.382290
0.330321 0.382290
0.328838 0.385781
0.328838 0.385781
0.327355 0.389272
0.327355 0.389272
0.325872 0.392761
0.325872 0.392761
0.325872 0.392761
0.324389 0.396250
0.324389 0.396250
0.322906 0.399739
0.322906 0.399739
0.321423 0.403227
0.321423 0.403227
0.321423 0.403227
0.319940 0.406714
0.319940 0.406714
0.318457 0.410202
0.318457 0.410202
0.316974 0.413690
0.316974 0.413690
0.316974 0.413690
0.315491 0.417179
0.315491 0.417179
0.314008 0.420668
0.314008 0.420668
0.314008 0.420668
0.312525 0.424158
0.312525 0.424158
0.311042 0.427649
0.311042 0.427649
0.309559 0.431141
0.309559 0.431141
0.309559 0.431141
0.308076 0.434635
0.308076 0.434635
0.306593 0.438130
0.306593 0.438130
0.305110 0.441627
0.305110 0.441627
0.305110 0.441627
0.303627 0.445126
0.303627 0.445126
0.302144 0.448628
0.302144 0.448628
0.300661 0.452132
0.300661 0.452132
0.300661 0.452132
0.299178 0.455638
0.299178 0.455638
0.297695 0.459147
0.297695 0.459147
0.297695 0.459147
0.296212 0.462659
0.296212 0.462659
0.294729 0.466175
0.294729 0.466175
0.293246 0.469693
0.293246 0.469693
0.293246 0.469693
0.291764 0.473213
0.291764 0.473213
0.290281 0.476740
0.290281 0.476740
0.288798 0.480270
0.288798 0.480270
0.288798 0.480270
0.287315 0.483804
0.287315 0.483804
0.285832 0.487343
0.285832 0.487343
0.285832 0.487343
0.284349 0.490886
0.284349 0.490886
0.282866 0.494434
0.282866 0.494434
0.281383 0.497987
0.281383 0.497987
0.281383 0.497987
0.279900 0.501546
0.279900 0.501546
0.278417 0.505109
0.278417 0.505109
0.278417 0.505109
0.276934 0.508678
0.276934 0.508678
0.275451 0.512253
0.275451 0.512253
0.273968 0.515834
0.273968 0.515834
0.273968 0.515834
0.272485 0.519421
0.272485 0.519421
0.271002 0.523015
0.271002 0.523015
0.271002 0.523015
0.269519 0.526615
0.269519 0.526615
0.268036 0.530222
0.268036 0.530222
0.268036 0.530222
0.266553 0.533836
0.266553 0.533836
0.265070 0.537456
0.265070 0.537456
0.263587 0.541085
0.263587 0.541085
0.263587 0.541085
0.262104 0.544720
0.262104 0.544720
0.260621 0.548364
0.260621 0.548364
0.260621 0.548364
0.259138 0.552015
0.259138 0.552015
0.257655 0.555675
0.257655 0.555675
0.257655 0.555675
0.256172 0.559343
0.256172 0.559343
0.254689 0.563020
0.254689 0.563020
0.254689 0.563020
0.253206 0.566705
0.253206 0.566705
0.251723 0.570399
0.251723 0.570399
0.251723 0.570399
0.250240 0.574102
0.250240 0.574102
0.248758 0.577812
0.248758 0.577812
0.248758 0.577812
0.247275 0.581535
0.247275 0.581535
0.245792 0.585266
0.245792 0.585266
0.245792 0.585266
0.244309 0.589008
0.244309 0.589008
0.242826 0.592760
0.242826 0.592760
0.242826 0.592760
0.241343 0.596522
0.241343 0.596522
0.239860 0.600295
0.239860 0.600295
0.239860 0.600295
0.238377 0.604078
0.238377 0.604078
0.236894 0.607873
0.236894 0.607873
0.236894 0.607873
0.235411 0.611678
0.235411 0.611678
0.235411 0.611678
0.233928 0.615495
0.233928 0.615495
0.232445 0.619323
0.232445 0.619323
0.232445 0.619323
0.230962 0.623163
0.230962 0.623163
0.229479 0.627015
0.229479 0.627015
0.229479 0.627015
0.227996 0.630879
0.227996 0.630879
0.227996 0.630879
0.226513 0.634755
0.226513 0.634755
0.225030 0.638644
0.225030 0.638644
0.225030 0.638644
0.223547 0.642545
0.223547 0.642545
0.222064 0.646459
0.222064 0.646459
0.222064 0.646459
0.220581 0.650387
0.220581 0.650387
0.220581 0.650387
0.219098 0.654327
0.219098 0.654327
0.217615 0.658281
0.217615 0.658281
0.217615 0.658281
0.216132 0.662249
0.216132 0.662249
0.216132 0.662249
0.214649 0.666231
0.214649 0.666231
0.213166 0.670226
0.213166 0.670226
0.213166 0.670226
0.211683 0.674236
0.211683 0.674236
0.211683 0.674236
0.210200 0.678261
0.210200 0.678261
0.210200 0.678261
0.208717 0.682300
0.208717 0.682300
0.207234 0.686354
0.207234 0.686354
0.207234 0.686354
0.205752 0.690420
0.205752 0.690420
0.205752 0.690420
0.204269 0.694504
0.204269 0.694504
0.202786 0.698604
0.202786 0.698604
0.202786 0.698604
0.201303 0.702719
0.201303 0.702719
0.201303 0.702719
0.199820 0.706850
0.199820 0.706850
0.199820 0.706850
0.198337 0.710998
0.198337 0.710998
0.198337 0.710998
0.196854 0.715161
0.196854 0.715161
0.195371 0.719341
0.195371 0.719341
0.195371 0.719341
0.193888 0.723537
0.193888 0.723537
0.193888 0.723537
0.192405 0.727751
0.192405 0.727751
0.192405 0.727751
0.190922 0.731981
0.190922 0.731981
0.190922 0.731981
0.189439 0.736229
0.189439 0.736229
0.189439 0.736229
0.187956 0.740494
0.187956 0.740494
0.186473 0.744777
0.186473 0.744777
0.186473 0.744777
0.184990 0.749077
0.184990 0.749077
0.184990 0.749077
