0.010000 0.043041
0.011483 0.047813
0.012966 0.052386
0.014449 0.056784
0.015932 0.061024
0.017415 0.065119
0.018898 0.069081
0.020381 0.072921
0.021864 0.076647
0.023347 0.080266
0.024830 0.083784
0.026313 0.087208
0.027796 0.090542
0.029279 0.093791
0.030762 0.096958
0.032244 0.100048
0.033727 0.103063
0.035210 0.106006
0.036693 0.108881
0.038176 0.111689
0.039659 0.114434
0.041142 0.117116
0.042625 0.119739
0.044108 0.122304
0.045591 0.124812
0.047074 0.127266
0.048557 0.129667
0.050040 0.132016
0.051523 0.134314
0.053006 0.136563
0.054489 0.138764
0.055972 0.140918
0.057455 0.143027
0.058938 0.145090
0.060421 0.147109
0.061904 0.149086
0.063387 0.151020
0.064870 0.152913
0.066353 0.154765
0.067836 0.156577
0.069319 0.158350
0.070802 0.160085
0.072285 0.161781
0.073768 0.163441
0.075251 0.165063
0.076733 0.166650
0.078216 0.168201
0.079699 0.169717
0.081182 0.171198
0.082665 0.172646
0.084148 0.174060
0.085631 0.175440
0.087114 0.176788
0.088597 0.178104
0.090080 0.179387
0.091563 0.180639
0.093046 0.181860
0.094529 0.183050
0.096012 0.184210
0.097495 0.185340
0.098978 0.186439
0.100461 0.187510
0.101944 0.188551
0.103427 0.189563
0.104910 0.190547
0.106393 0.191502
0.107876 0.192429
0.109359 0.193328
0.110842 0.194200
0.112325 0.195045
0.113808 0.195862
0.115291 0.196652
0.116774 0.197416
0.118257 0.198154
0.119739 0.198865
0.121222 0.199550
0.122705 0.200210
0.124188 0.200844
0.125671 0.201452
0.127154 0.202035
0.128637 0.202593
0.130120 0.203126
0.131603 0.203635
0.133086 0.204119
0.134569 0.204578
0.136052 0.205013
0.137535 0.205424
0.139018 0.205811
0.140501 0.206174
0.141984 0.206514
0.143467 0.206830
0.144950 0.207122
0.146433 0.207391
0.147916 0.207637
0.149399 0.207860
0.150882 0.208060
0.152365 0.208237
0.153848 0.208392
0.155331 0.208524
0.156814 0.208633
0.158297 0.208720
0.159780 0.208784
0.161263 0.208826
0.162745 0.208847
0.164228 0.208845
0.165711 0.208821
0.167194 0.208775
0.168677 0.208708
0.170160 0.208618
0.171643 0.208508
0.173126 0.208375
0.174609 0.208221
0.176092 0.208046
0.177575 0.207850
0.179058 0.207632
0.180541 0.207393
0.182024 0.207132
0.183507 0.206851
0.184990 0.206549
0.186473 0.206226
0.187956 0.205882
0.189439 0.205517
0.190922 0.205131
0.192405 0.204725
0.193888 0.204298
0.195371 0.203850
0.196854 0.203382
0.198337 0.202893
0.199820 0.202384
0.201303 0.201854
0.202786 0.201304
0.204269 0.200733
0.205752 0.200142
0.207234 0.199531
0.208717 0.198899
0.210200 0.198248
0.211683 0.197576
0.213166 0.196884
0.214649 0.196172
0.216132 0.195439
0.217615 0.194687
0.219098 0.193914
0.220581 0.193122
0.222064 0.192309
0.223547 0.191477
0.225030 0.190625
0.226513 0.189752
0.227996 0.188860
0.229479 0.187948
0.230962 0.187016
0.232445 0.186063
0.233928 0.185092
0.235411 0.184100
0.236894 0.183088
0.238377 0.182057
0.239860 0.181006
0.241343 0.179935
0.242826 0.178844
0.244309 0.177733
0.245792 0.176603
0.247275 0.175452
0.248758 0.174282
0.250240 0.173093
0.251723 0.171883
0.253206 0.170653
0.254689 0.169404
0.256172 0.168135
0.257655 0.166846
0.259138 0.165538
0.260621 0.164209
0.262104 0.162861
0.263587 0.161493
0.265070 0.160105
0.266553 0.158697
0.268036 0.157270
0.269519 0.155822
0.271002 0.154355
0.272485 0.152867
0.273968 0.151360
0.275451 0.149833
0.276934 0.148286
0.278417 0.146719
0.279900 0.145132
0.281383 0.143525
0.282866 0.141898
0.284349 0.140251
0.285832 0.138584
0.287315 0.136897
0.288798 0.135189
0.290281 0.133462
0.291764 0.131714
0.293246 0.129946
0.294729 0.128158
0.296212 0.126350
0.297695 0.124522
0.299178 0.122673
0.300661 0.120803
0.302144 0.118914
0.303627 0.117004
0.305110 0.115073
0.306593 0.113122
0.308076 0.111151
0.309559 0.109159
0.311042 0.107146
0.312525 0.105113
0.314008 0.103059
0.315491 0.100984
0.316974 0.098889
0.318457 0.096773
0.319940 0.094636
0.321423 0.092478
0.322906 0.090299
0.324389 0.088099
0.325872 0.085878
0.327355 0.083636
0.328838 0.081372
0.330321 0.079088
0.331804 0.076782
0.333287 0.074455
0.334770 0.072106
0.336253 0.069737
0.337735 0.067345
0.339218 0.064932
0.340701 0.062498
0.342184 0.060042
0.343667 0.057564
0.345150 0.055064
0.346633 0.052542
0.348116 0.049999
0.349599 0.047433
0.351082 0.044846
0.352565 0.042236
0.354048 0.039604
0.355531 0.036950
0.357014 0.034273
0.358497 0.031574
0.359980 0.028852
0.361463 0.026108
0.362946 0.023341
0.364429 0.020552
0.365912 0.017739
0.367395 0.014904
0.368878 0.012046
0.370361 0.009164
0.371844 0.006260
0.373327 0.003332
0.374810 0.000381
0.376293 nan
0.377776 nan
0.379259 nan
0.380741 nan
0.382224 nan
0.383707 nan
0.385190 nan
0.386673 nan
0.388156 nan
0.389639 nan
0.391122 nan
0.392605 nan
0.394088 nan
0.395571 nan
0.397054 nan
0.398537 nan
0.400020 nan
0.401503 nan
0.402986 nan
0.404469 nan
0.405952 nan
0.407435 nan
0.408918 nan
0.410401 nan
0.411884 nan
0.413367 nan
0.414850 nan
0.416333 nan
0.417816 nan
0.419299 nan
0.420782 nan
0.422265 nan
0.423747 nan
0.425230 nan
0.426713 nan
0.428196 nan
0.429679 nan
0.431162 nan
0.432645 nan
0.434128 nan
0.435611 nan
0.437094 nan
0.438577 nan
0.440060 nan
0.441543 nan
0.443026 nan
0.444509 nan
0.445992 nan
0.447475 nan
0.448958 nan
0.450441 nan
0.451924 nan
0.453407 nan
0.454890 nan
0.456373 nan
0.457856 nan
0.459339 nan
0.460822 nan
0.462305 nan
0.463788 nan
0.465271 nan
0.466754 nan
0.468236 nan
0.469719 nan
0.471202 nan
0.472685 nan
0.474168 nan
0.475651 nan
0.477134 nan
0.478617 nan
0.480100 nan
0.481583 nan
0.483066 nan
0.484549 nan
0.486032 nan
0.487515 nan
0.488998 nan
0.490481 nan
0.491964 nan
0.493447 nan
0.494930 nan
0.496413 nan
0.497896 nan
0.499379 nan
0.500862 nan
0.502345 nan
0.503828 nan
0.505311 nan
0.506794 nan
0.508277 nan
0.509760 nan
0.511242 nan
0.512725 nan
0.514208 nan
0.515691 nan
0.517174 nan
0.518657 nan
0.520140 nan
0.521623 nan
0.523106 nan
0.524589 nan
0.526072 nan
0.527555 nan
0.529038 nan
0.530521 nan
0.532004 nan
0.533487 nan
0.534970 nan
0.536453 nan
0.537936 nan
0.539419 nan
0.540902 nan
0.542385 nan
0.543868 nan
0.545351 nan
0.546834 nan
0.548317 nan
0.549800 nan
0.551283 nan
0.552766 nan
0.554248 nan
0.555731 nan
0.557214 nan
0.558697 nan
0.560180 nan
0.561663 nan
0.563146 nan
0.564629 nan
0.566112 nan
0.567595 nan
0.569078 nan
0.570561 nan
0.572044 nan
0.573527 nan
0.575010 nan
0.576493 nan
0.577976 nan
0.579459 nan
0.580942 nan
0.582425 nan
0.583908 nan
0.585391 nan
0.586874 nan
0.588357 nan
0.589840 nan
0.591323 nan
0.592806 nan
0.594289 nan
0.595772 nan
0.597255 nan
0.598737 nan
0.600220 nan
0.601703 nan
0.603186 nan
0.604669 nan
0.606152 nan
0.607635 nan
0.609118 nan
0.610601 nan
0.612084 nan
0.613567 nan
0.615050 nan
0.616533 nan
0.618016 nan
0.619499 nan
0.620982 nan
0.622465 nan
0.623948 nan
0.625431 nan
0.626914 nan
0.628397 nan
0.629880 nan
0.631363 nan
0.632846 nan
0.634329 nan
0.635812 nan
0.637295 nan
0.638778 nan
0.640261 nan
0.641743 nan
0.643226 nan
0.644709 nan
0.646192 nan
0.647675 nan
0.649158 nan
0.650641 nan
0.652124 nan
0.653607 nan
0.655090 nan
0.656573 nan
0.658056 nan
0.659539 nan
0.661022 nan
0.662505 nan
0.663988 nan
0.665471 nan
0.666954 nan
0.668437 nan
0.669920 nan
0.671403 nan
0.672886 nan
0.674369 nan
0.675852 nan
0.677335 nan
0.678818 nan
0.680301 nan
0.681784 nan
0.683267 nan
0.684749 nan
0.686232 nan
0.687715 nan
0.689198 nan
0.690681 nan
0.692164 nan
0.693647 nan
0.695130 nan
0.696613 nan
0.698096 nan
0.699579 nan
0.701062 nan
0.702545 nan
0.704028 nan
0.705511 nan
0.706994 nan
0.708477 nan
0.709960 nan
0.711443 nan
0.712926 nan
0.714409 nan
0.715892 nan
0.717375 nan
0.718858 nan
0.720341 nan
0.721824 nan
0.723307 nan
0.724790 nan
0.726273 nan
0.727756 nan
0.729238 nan
0.730721 nan
0.732204 nan
0.733687 nan
0.735170 nan
0.736653 nan
0.738136 nan
0.739619 nan
0.741102 nan
0.742585 nan
0.744068 nan
0.745551 nan
0.747034 nan
0.748517 nan
0.750000 nan
